# 香港浸會大學-小學中文科常用字表
# 共3000字
# https://ephchinese.ephhk.com/lcprichi/
#
# char	序號(級別)	級別	部件/單字	常用度	難度	筆畫

一	1	1	部件	2	938	1
乙	2	1	部件	1628	1303	1
人	3	1	部件	8	135	2
入	4	1	部件	187	525	2
力	5	1	部件	97	679	2
刀	6	1	部件	1179	715	2
了	7	1	部件	5	816	2
十	8	1	部件	54	845	2
七	9	1	部件	308	926	2
八	10	1	部件	274	1029	2
二	11	1	部件	91	1079	2
九	12	1	部件	262	1215	2
又	13	1	部件	132	1228	2
丁	14	1	部件	1245	1238	2
几	15	1	部件	2657	2410	2
卜	16	1	部件	2567	2774	2
才	17	1	部件	199	15	3
女	18	1	部件	192	100	3
上	19	1	部件	13	154	3
小	20	1	部件	47	184	3
大	21	1	部件	9	196	3
山	22	1	部件	191	216	3
土	23	1	部件	487	217	3
久	24	1	部件	561	257	3
子	25	1	部件	45	334	3
工	26	1	部件	101	344	3
口	27	1	部件	224	489	3
士	28	1	部件	369	567	3
千	29	1	部件	344	968	3
己	30	1	部件	196	1071	3
也	31	1	部件	38	1134	3
干	32	1	部件	1307	1415	3
寸	33	1	部件	2073	1442	3
夕	34	1	部件	1617	1457	3
弓	35	1	部件	2534	1719	3
巾	36	1	部件	1977	1751	3
乞	37	1	部件	2642	2334	3
刃	38	1	部件	3160	2682	3
五	39	1	部件	154	11	4
反	40	1	部件	330	29	4
水	41	1	部件	93	61	4
木	42	1	部件	580	66	4
月	43	1	部件	128	71	4
午	44	1	部件	698	72	4
毛	45	1	部件	766	84	4
不	46	1	部件	4	86	4
心	47	1	部件	57	94	4
元	48	1	部件	219	169	4
中	49	1	部件	12	172	4
手	50	1	部件	152	183	4
今	51	1	部件	234	195	4
友	52	1	部件	301	204	4
戶	53	1	部件	816	207	4
化	54	1	部件	145	208	4
方	55	1	部件	50	212	4
父	56	1	部件	605	249	4
太	57	1	部件	243	273	4
少	58	1	部件	177	284	4
天	59	1	部件	51	296	4
文	60	1	部件	82	301	4
公	61	1	部件	67	302	4
片	62	1	部件	351	384	4
牛	63	1	部件	746	556	4
日	64	1	部件	71	580	4
比	65	1	部件	172	626	4
內	66	1	部件	162	706	4
牙	67	1	部件	953	755	4
六	68	1	部件	276	805	4
火	69	1	部件	418	839	4
巴	70	1	部件	528	1189	4
支	71	1	部件	482	1232	4
尤	72	1	部件	984	1268	4
止	73	1	部件	733	1296	4
欠	74	1	部件	1896	1500	4
斤	75	1	部件	1248	1543	4
王	76	1	部件	398	1671	4
斗	77	1	部件	1653	1912	4
犬	78	1	部件	2280	2015	4
勿	79	1	部件	2471	2132	4
爪	80	1	部件	2505	2268	4
田	81	1	部件	784	4	5
且	82	1	部件	384	39	5
母	83	1	部件	506	88	5
主	84	1	部件	84	96	5
兄	85	1	部件	1289	118	5
司	86	1	部件	549	122	5
生	87	1	部件	27	125	5
用	88	1	部件	46	146	5
石	89	1	部件	422	155	5
冬	90	1	部件	1031	179	5
瓜	91	1	部件	1292	203	5
加	92	1	部件	115	205	5
世	93	1	部件	222	206	5
半	94	1	部件	431	215	5
正	95	1	部件	138	226	5
白	96	1	部件	277	247	5
可	97	1	部件	36	256	5
去	98	1	部件	73	341	5
古	99	1	部件	460	428	5
四	100	1	部件	136	517	5
右	101	1	部件	775	524	5
出	102	1	部件	25	543	5
包	103	1	部件	383	548	5
左	104	1	部件	708	611	5
民	105	1	部件	83	612	5
目	106	1	部件	201	613	5
由	107	1	部件	143	771	5
平	108	1	部件	178	801	5
皮	109	1	部件	610	824	5
甲	110	1	部件	1159	876	5
玉	111	1	部件	887	891	5
以	112	1	部件	17	1022	5
布	113	1	部件	480	1084	5
立	114	1	部件	179	1108	5
未	115	1	部件	464	1186	5
示	116	1	部件	306	1204	5
央	117	1	部件	956	1259	5
占	118	1	部件	1893	1298	5
它	119	1	部件	279	1382	5
申	120	1	部件	1305	1385	5
尼	121	1	部件	881	1406	5
穴	122	1	部件	2170	1556	5
旦	123	1	部件	1416	1930	5
斥	124	1	部件	2206	2240	5
乍	125	1	部件	2700	2330	5
戊	126	1	部件	3247	2487	5
禾	127	1	部件	2911	2665	5
向	128	1	部件	173	21	6
老	129	1	部件	137	60	6
同	130	1	部件	65	67	6
交	131	1	部件	298	107	6
西	132	1	部件	214	123	6
自	133	1	部件	49	127	6
肉	134	1	部件	726	137	6
各	135	1	部件	166	158	6
多	136	1	部件	30	238	6
行	137	1	部件	55	241	6
竹	138	1	部件	941	260	6
成	139	1	部件	34	290	6
吉	140	1	部件	1238	306	6
衣	141	1	部件	624	358	6
合	142	1	部件	140	383	6
共	143	1	部件	253	470	6
百	144	1	部件	223	478	6
羊	145	1	部件	1284	481	6
米	146	1	部件	629	511	6
回	147	1	部件	149	583	6
早	148	1	部件	407	669	6
次	149	1	部件	160	764	6
安	150	1	部件	218	796	6
因	151	1	部件	106	806	6
有	152	1	部件	7	821	6
光	153	1	部件	231	883	6
耳	154	1	部件	968	989	6
而	155	1	部件	58	1097	6
朵	156	1	部件	1297	1279	6
至	157	1	部件	280	1302	6
寺	158	1	部件	2015	1439	6
羽	159	1	部件	1799	1546	6
兆	160	1	部件	2415	2238	6
朱	161	1	部件	1328	2470	6
助	162	1	部件	552	20	7
車	163	1	部件	211	109	7
豆	164	1	部件	1316	120	7
弟	165	1	部件	810	145	7
辛	166	1	部件	1037	211	7
每	167	1	部件	206	224	7
良	168	1	部件	717	232	7
身	169	1	部件	181	246	7
步	170	1	部件	347	248	7
壯	171	1	部件	1216	255	7
孝	172	1	部件	1915	293	7
見	173	1	部件	176	312	7
忍	174	1	部件	1133	360	7
走	175	1	部件	216	363	7
快	176	1	部件	264	412	7
男	177	1	部件	522	497	7
告	178	1	部件	370	559	7
坐	179	1	部件	640	593	7
你	180	1	部件	120	597	7
言	181	1	部件	388	629	7
完	182	1	部件	287	700	7
里	183	1	部件	541	781	7
我	184	1	部件	10	895	7
那	185	1	部件	92	902	7
更	186	1	部件	190	1037	7
足	187	1	部件	500	1119	7
何	188	1	部件	321	1188	7
貝	189	1	部件	1186	1283	7
免	190	1	部件	748	1409	7
即	191	1	部件	427	1834	7
肖	192	1	部件	2329	2462	7
兌	193	1	部件	2375	2735	7
青	194	1	部件	459	8	8
知	195	1	部件	164	17	8
朋	196	1	部件	518	19	8
金	197	1	部件	227	153	8
空	198	1	部件	275	171	8
到	199	1	部件	18	214	8
拉	200	1	部件	444	330	8
念	201	1	部件	484	380	8
雨	202	1	部件	554	400	8
松	203	1	部件	1260	480	8
東	204	1	部件	230	534	8
果	205	1	部件	155	609	8
虎	206	1	部件	1265	658	8
幸	207	1	部件	875	666	8
定	208	1	部件	99	681	8
明	209	1	部件	112	686	8
者	210	1	部件	159	717	8
直	211	1	部件	272	785	8
門	212	1	部件	255	799	8
兩	213	1	部件	100	809	8
具	214	1	部件	403	837	8
固	215	1	部件	988	900	8
林	216	1	部件	335	927	8
京	217	1	部件	842	1197	8
或	218	1	部件	186	1225	8
波	219	1	部件	764	1242	8
長	220	1	部件	62	1393	8
兔	221	1	部件	1863	1563	8
昌	222	1	部件	1798	1872	8
采	223	1	部件	1458	2112	8
昔	224	1	部件	2520	2640	8
風	225	1	部件	194	1	9
要	226	1	部件	21	3	9
美	227	1	部件	104	106	9
秋	228	1	部件	895	136	9
封	229	1	部件	1034	152	9
星	230	1	部件	366	165	9
是	231	1	部件	3	175	9
泉	232	1	部件	1500	187	9
故	233	1	部件	432	295	9
屋	234	1	部件	815	342	9
品	235	1	部件	245	377	9
首	236	1	部件	408	477	9
相	237	1	部件	135	504	9
香	238	1	部件	395	575	9
重	239	1	部件	122	617	9
前	240	1	部件	74	677	9
食	241	1	部件	390	678	9
活	242	1	部件	151	754	9
面	243	1	部件	63	784	9
音	244	1	部件	303	807	9
春	245	1	部件	581	808	9
胡	246	1	部件	1098	1224	9
苗	247	1	部件	1592	1229	9
冒	248	1	部件	1234	1473	9
頁	249	1	部件	1213	1568	9
亭	250	1	部件	1936	2008	9
旁	251	1	部件	927	44	10
家	252	1	部件	31	65	10
馬	253	1	部件	288	134	10
隻	254	1	部件	539	157	10
原	255	1	部件	210	177	10
真	256	1	部件	182	432	10
哥	257	1	部件	762	522	10
害	258	1	部件	651	605	10
師	259	1	部件	281	635	10
夏	260	1	部件	885	640	10
能	261	1	部件	42	655	10
員	262	1	部件	252	935	10
高	263	1	部件	76	1111	10
息	264	1	部件	540	1211	10
鳥	265	1	部件	995	116	11
麻	266	1	部件	1064	307	11
魚	267	1	部件	634	345	11
造	268	1	部件	290	410	11
帶	269	1	部件	295	418	11
從	270	1	部件	102	509	11
習	271	1	部件	399	584	11
連	272	1	部件	323	628	11
貫	273	1	部件	1390	2082	11
間	274	1	部件	127	23	12
發	275	1	部件	52	79	12
童	276	1	部件	723	138	12
黑	277	1	部件	529	331	12
象	278	1	部件	392	355	12
買	279	1	部件	524	485	12
幾	280	1	部件	205	670	12
畫	281	1	部件	400	725	12
黃	282	1	部件	453	828	12
登	283	1	部件	900	882	12
喜	284	1	部件	393	999	12
路	285	1	部件	220	245	13
新	286	1	部件	113	303	13
意	287	1	部件	90	561	13
會	288	1	部件	22	788	13
道	289	1	部件	98	896	13
寫	290	1	部件	307	442	15
親	291	1	部件	322	198	16
澡	292	1	部件	2600	1552	16
聽	293	1	部件	331	332	22
已	294	1	單字	144	52	3
下	295	1	單字	35	63	3
三	296	1	單字	72	1099	3
尺	297	1	單字	1209	265	4
什	298	1	單字	249	618	4
升	299	1	單字	660	712	4
功	300	1	單字	424	2	5
外	301	1	單字	89	361	5
北	302	1	單字	263	403	5
打	303	1	單字	236	458	5
他	304	1	單字	19	484	5
只	305	1	單字	130	598	5
幼	306	1	單字	1174	800	5
叫	307	1	單字	476	924	5
汁	308	1	單字	1804	952	5
奶	309	1	單字	1028	1572	5
扒	310	1	單字	2914	/	5
字	311	1	單字	318	108	6
吃	312	1	單字	353	144	6
冰	313	1	單字	1084	190	6
汗	314	1	單字	1381	237	6
年	315	1	單字	28	261	6
休	316	1	單字	779	264	6
再	317	1	單字	180	356	6
好	318	1	單字	48	594	6
地	319	1	單字	26	694	6
色	320	1	單字	200	778	6
在	321	1	單字	6	857	6
收	322	1	單字	291	955	6
丟	323	1	單字	1606	1863	6
她	324	1	單字	184	/	6
位	325	1	單字	133	34	7
村	326	1	單字	704	114	7
別	327	1	單字	204	316	7
抓	328	1	單字	1124	321	7
找	329	1	單字	449	495	7
但	330	1	單字	118	516	7
沒	331	1	單字	107	885	7
住	332	1	單字	337	1019	7
尾	333	1	單字	1178	1083	7
把	334	1	單字	131	1120	7
吧	335	1	單字	620	1148	7
吹	336	1	單字	1110	1195	7
呀	337	1	單字	1019	1420	7
抄	338	1	單字	2284	1839	7
牠	339	1	單字	1111	/	7
姐	340	1	單字	945	10	8
坡	341	1	單字	1167	25	8
放	342	1	單字	235	59	8
兒	343	1	單字	241	75	8
事	344	1	單字	59	76	8
玩	345	1	單字	661	143	8
爬	346	1	單字	1313	161	8
杯	347	1	單字	1060	194	8
房	348	1	單字	469	223	8
姊	349	1	單字	1980	274	8
怪	350	1	單字	848	322	8
拍	351	1	單字	838	323	8
法	352	1	單字	69	335	8
和	353	1	單字	29	390	8
物	354	1	單字	134	416	8
河	355	1	單字	555	419	8
服	356	1	單字	316	463	8
花	357	1	單字	247	467	8
抱	358	1	單字	1063	513	8
怕	359	1	單字	684	578	8
枝	360	1	單字	1114	588	8
往	361	1	單字	339	643	8
爸	362	1	單字	1027	663	8
來	363	1	單字	15	1054	8
的	364	1	單字	1	1164	8
呢	365	1	單字	421	1462	8
洋	366	1	單字	731	6	9
很	367	1	單字	126	83	9
苦	368	1	單字	532	160	9
祖	369	1	單字	948	167	9
後	370	1	單字	44	180	9
科	371	1	單字	333	218	9
神	372	1	單字	309	253	9
穿	373	1	單字	749	328	9
看	374	1	單字	80	389	9
南	375	1	單字	314	487	9
亮	376	1	單字	664	488	9
怎	377	1	單字	416	500	9
室	378	1	單字	612	569	9
背	379	1	單字	725	620	9
急	380	1	單字	738	622	9
信	381	1	單字	259	668	9
紅	382	1	單字	405	777	9
飛	383	1	單字	417	861	9
英	384	1	單字	386	947	9
耍	385	1	單字	2402	/	9
記	386	1	單字	240	36	10
珠	387	1	單字	1118	78	10
笑	388	1	單字	494	91	10
送	389	1	單字	596	192	10
哭	390	1	單字	1197	193	10
們	391	1	單字	24	233	10
海	392	1	單字	198	329	10
起	393	1	單字	79	337	10
院	394	1	單字	376	357	10
個	395	1	單字	14	386	10
校	396	1	單字	345	502	10
借	397	1	單字	1140	540	10
流	398	1	單字	270	577	10
消	399	1	單字	461	581	10
浪	400	1	單字	965	591	10
追	401	1	單字	819	662	10
時	402	1	單字	23	684	10
草	403	1	單字	571	877	10
氣	404	1	單字	171	898	10
根	405	1	單字	415	1025	10
候	406	1	單字	341	1265	10
哪	407	1	單字	656	1266	10
書	408	1	單字	207	1454	10
娘	409	1	單字	1048	1499	10
現	410	1	單字	68	5	11
乾	411	1	單字	753	33	11
掃	412	1	單字	1323	37	11
動	413	1	單字	64	58	11
唱	414	1	單字	638	74	11
國	415	1	單字	20	93	11
婆	416	1	單字	1069	103	11
做	417	1	單字	165	133	11
假	418	1	單字	599	173	11
常	419	1	單字	168	213	11
第	420	1	單字	175	243	11
清	421	1	單字	317	251	11
眼	422	1	單字	343	310	11
彩	423	1	單字	808	317	11
問	424	1	單字	108	429	11
條	425	1	單字	297	431	11
雪	426	1	單字	967	443	11
晚	427	1	單字	526	455	11
停	428	1	單字	650	490	11
荷	429	1	單字	1596	535	11
蛋	430	1	單字	1102	539	11
細	431	1	單字	588	585	11
您	432	1	單字	844	718	11
這	433	1	單字	11	721	11
都	434	1	單字	60	732	11
教	435	1	單字	158	768	11
得	436	1	單字	39	1174	11
許	437	1	單字	278	1542	11
筆	438	1	單字	586	62	12
飯	439	1	單字	806	126	12
雄	440	1	單字	736	151	12
進	441	1	單字	95	259	12
跑	442	1	單字	745	275	12
植	443	1	單字	818	304	12
結	444	1	單字	246	333	12
游	445	1	單字	903	426	12
給	446	1	單字	232	444	12
視	447	1	單字	359	464	12
帽	448	1	單字	1729	473	12
詞	449	1	單字	773	499	12
喝	450	1	單字	944	503	12
開	451	1	單字	70	537	12
訴	452	1	單字	671	601	12
陽	453	1	單字	429	637	12
菜	454	1	單字	797	714	12
就	455	1	單字	32	751	12
雲	456	1	單字	636	930	12
棵	457	1	單字	1645	1750	12
?	458	1	單字	/	/	12
愛	459	1	單字	239	64	13
節	460	1	單字	348	69	13
想	461	1	單字	94	132	13
跳	462	1	單字	787	168	13
過	463	1	單字	43	286	13
裝	464	1	單字	465	365	13
經	465	1	單字	66	369	13
話	466	1	單字	188	449	13
圓	467	1	單字	889	450	13
葉	468	1	單字	645	468	13
園	469	1	單字	547	476	13
躲	470	1	單字	1646	528	13
飽	471	1	單字	1518	568	13
福	472	1	單字	556	579	13
媽	473	1	單字	593	703	13
跟	474	1	單字	567	923	13
嗎	475	1	單字	516	1062	13
-	476	1	單字	1368	2836	13
歌	477	1	單字	475	12	14
對	478	1	單字	41	73	14
綠	479	1	單字	755	87	14
種	480	1	單字	88	115	14
麼	481	1	單字	110	285	14
鼻	482	1	單字	1437	379	14
說	483	1	單字	33	387	14
實	484	1	單字	114	452	14
語	485	1	單字	479	456	14
遠	486	1	單字	372	1001	14
像	487	1	單字	238	1023	14
誰	488	1	單字	617	9	15
課	489	1	單字	583	139	15
請	490	1	單字	346	404	15
蝶	491	1	單字	1902	957	15
蝴	492	1	單字	2484	1816	15
蝸	493	1	單字	3258	2269	15
鴨	494	1	單字	1682	90	16
樹	495	1	單字	462	150	16
燈	496	1	單字	711	191	16
錯	497	1	單字	657	278	16
學	498	1	單字	40	282	16
頭	499	1	單字	148	308	16
貓	500	1	單字	1396	549	16
點	501	1	單字	117	117	17
聲	502	1	單字	260	297	17
幫	503	1	單字	687	395	17
還	504	1	單字	85	619	17
雞	505	1	單字	985	258	18
邊	506	1	單字	292	526	19
讀	507	1	單字	413	501	22
歡	508	1	單字	382	531	22
亡	509	2	部件	1154	272	3
川	510	2	部件	1474	873	3
丈	511	2	部件	1526	1506	3
切	512	2	部件	472	174	4
分	513	2	部件	53	197	4
夫	514	2	部件	498	633	4
井	515	2	部件	1650	763	4
及	516	2	部件	170	1248	4
介	517	2	部件	827	1340	4
氏	518	2	部件	1423	1398	4
之	519	2	部件	61	1421	4
歹	520	2	部件	2427	1547	4
予	521	2	部件	1190	2318	4
巨	522	2	部件	991	128	5
台	523	2	部件	437	313	5
付	524	2	部件	959	336	5
市	525	2	部件	197	349	5
甘	526	2	部件	1221	469	5
句	527	2	部件	646	560	5
令	528	2	部件	492	844	5
失	529	2	部件	436	872	5
代	530	2	部件	167	936	5
本	531	2	部件	75	1030	5
史	532	2	部件	534	1047	5
必	533	2	部件	379	1126	5
乎	534	2	部件	683	1152	5
瓦	535	2	部件	1448	1157	5
永	536	2	部件	729	1187	5
奴	537	2	部件	2070	1278	5
召	538	2	部件	1444	1348	5
丙	539	2	部件	2187	2202	5
皿	540	2	部件	3128	2716	5
先	541	2	部件	213	149	6
全	542	2	部件	124	280	6
名	543	2	部件	169	475	6
臣	544	2	部件	1858	654	6
灰	545	2	部件	1187	691	6
如	546	2	部件	81	695	6
曲	547	2	部件	591	727	6
此	548	2	部件	163	811	6
充	549	2	部件	649	1036	6
列	550	2	部件	520	1220	6
式	551	2	部件	256	1310	6
舌	552	2	部件	1988	1515	6
旨	553	2	部件	2020	1728	6
舟	554	2	部件	2270	1817	6
利	555	2	部件	185	16	7
希	556	2	部件	455	735	7
角	557	2	部件	442	741	7
沙	558	2	部件	700	758	7
君	559	2	部件	1322	842	7
谷	560	2	部件	1274	911	7
求	561	2	部件	299	977	7
困	562	2	部件	852	1043	7
秀	563	2	部件	1076	1050	7
志	564	2	部件	785	1053	7
折	565	2	部件	1058	1067	7
束	566	2	部件	1047	1146	7
系	567	2	部件	508	1383	7
串	568	2	部件	1627	1430	7
呆	569	2	部件	1675	1682	7
呈	570	2	部件	1395	2221	7
辰	571	2	部件	2161	2242	7
旱	572	2	部件	2448	2434	7
廷	573	2	部件	2027	2548	7
夜	574	2	部件	576	70	8
表	575	2	部件	109	231	8
易	576	2	部件	448	288	8
府	577	2	部件	470	420	8
叔	578	2	部件	1486	555	8
育	579	2	部件	377	571	8
享	580	2	部件	1001	711	8
於	581	2	部件	56	780	8
奇	582	2	部件	585	786	8
居	583	2	部件	587	787	8
周	584	2	部件	559	848	8
受	585	2	部件	244	893	8
武	586	2	部件	727	904	8
尚	587	2	部件	998	970	8
非	588	2	部件	312	975	8
爭	589	2	部件	538	982	8
其	590	2	部件	119	1027	8
官	591	2	部件	595	1069	8
忽	592	2	部件	936	1085	8
取	593	2	部件	367	1094	8
並	594	2	部件	157	1231	8
亞	595	2	部件	537	1237	8
宗	596	2	部件	1116	1274	8
制	597	2	部件	389	1281	8
舍	598	2	部件	1635	1370	8
阿	599	2	部件	577	1404	8
炎	600	2	部件	1509	2020	8
岡	601	2	部件	2574	2244	8
卷	602	2	部件	1589	2295	8
宛	603	2	部件	2760	2728	8
卓	604	2	部件	1830	2777	8
便	605	2	部件	285	7	9
郎	606	2	部件	1375	35	9
軍	607	2	部件	425	82	9
勇	608	2	部件	1128	89	9
客	609	2	部件	493	162	9
為	610	2	部件	16	388	9
度	611	2	部件	150	551	9
建	612	2	部件	237	737	9
保	613	2	部件	258	773	9
革	614	2	部件	743	829	9
思	615	2	部件	329	836	9
既	616	2	部件	907	1122	9
拜	617	2	部件	1195	1193	9
查	618	2	部件	491	1234	9
段	619	2	部件	404	1287	9
巷	620	2	部件	2098	1470	9
垂	621	2	部件	1457	1848	9
扁	622	2	部件	2102	2467	9
卻	623	2	部件	325	2585	9
昭	624	2	部件	2540	2788	9
展	625	2	部件	221	26	10
唐	626	2	部件	1127	45	10
乘	627	2	部件	1029	199	10
島	628	2	部件	877	371	10
孫	629	2	部件	1112	376	10
留	630	2	部件	468	521	10
退	631	2	部件	858	564	10
射	632	2	部件	854	692	10
般	633	2	部件	623	719	10
差	634	2	部件	724	817	10
鬥	635	2	部件	1073	831	10
容	636	2	部件	334	865	10
疾	637	2	部件	1535	889	10
荒	638	2	部件	1441	937	10
骨	639	2	部件	855	1017	10
益	640	2	部件	767	1165	10
迷	641	2	部件	849	1468	10
鬼	642	2	部件	1251	1478	10
倉	643	2	部件	2159	2147	10
專	644	2	部件	485	229	11
產	645	2	部件	215	372	11
野	646	2	部件	796	518	11
族	647	2	部件	594	552	11
陰	648	2	部件	1192	606	11
區	649	2	部件	265	630	11
票	650	2	部件	728	657	11
張	651	2	部件	271	783	11
麥	652	2	部件	1196	1011	11
竟	653	2	部件	742	1072	11
莫	654	2	部件	1045	1444	11
鹿	655	2	部件	1933	1597	11
斬	656	2	部件	2588	1736	11
祭	657	2	部件	2037	1814	11
崩	658	2	部件	2317	2144	11
散	659	2	部件	873	24	12
鄉	660	2	部件	625	148	12
景	661	2	部件	564	393	12
隊	662	2	部件	569	425	12
勞	663	2	部件	686	440	12
量	664	2	部件	248	506	12
最	665	2	部件	96	610	12
華	666	2	部件	326	616	12
單	667	2	部件	319	736	12
敢	668	2	部件	977	740	12
然	669	2	部件	78	747	12
無	670	2	部件	146	969	12
曾	671	2	部件	510	1305	12
斯	672	2	部件	358	1389	12
焦	673	2	部件	1471	2087	12
湯	674	2	部件	1524	2100	12
番	675	2	部件	1359	2325	12
喬	676	2	部件	1892	2760	12
敞	677	2	部件	2723	/	12
萬	678	2	部件	242	254	13
農	679	2	部件	544	262	13
歲	680	2	部件	603	318	13
敬	681	2	部件	1135	396	13
當	682	2	部件	86	734	13
解	683	2	部件	229	1185	13
與	684	2	部件	87	1299	13
楚	685	2	部件	935	1322	13
嗇	686	2	部件	3428	2919	13
領	687	2	部件	474	656	14
齊	688	2	部件	1007	823	14
維	689	2	部件	618	1123	14
察	690	2	部件	628	1223	14
監	691	2	部件	1056	1341	14
厭	692	2	部件	1795	1656	14
樂	693	2	部件	225	85	15
養	694	2	部件	568	283	15
廣	695	2	部件	428	325	15
罷	696	2	部件	1693	1090	15
龍	697	2	部件	607	789	16
藏	698	2	部件	831	818	18
難	699	2	部件	283	18	19
離	700	2	部件	439	95	19
麗	701	2	部件	652	825	19
覺	702	2	部件	332	993	20
彎	703	2	部件	1506	744	22
互	704	2	單字	835	104	4
引	705	2	單字	458	903	4
匹	706	2	單字	1733	1621	4
仙	707	2	單字	1267	227	5
巧	708	2	單字	1144	346	5
卡	709	2	單字	754	493	5
另	710	2	單字	548	920	5
扔	711	2	單字	2430	1553	5
仔	712	2	單字	1103	2607	5
守	713	2	單字	857	201	6
份	714	2	單字	566	675	6
江	715	2	單字	682	722	6
忙	716	2	單字	794	979	6
池	717	2	單字	1268	1107	6
件	718	2	單字	328	1222	6
吐	719	2	單字	1563	1497	6
划	720	2	單字	1881	1531	6
尖	721	2	單字	1341	1974	6
吊	722	2	單字	1811	/	6
汽	723	2	單字	973	178	7
努	724	2	單字	909	182	7
肚	725	2	單字	1612	225	7
形	726	2	單字	217	305	7
社	727	2	單字	313	319	7
冷	728	2	單字	744	327	7
初	729	2	單字	662	397	7
材	730	2	單字	843	405	7
妙	731	2	單字	1242	550	7
究	732	2	單字	501	565	7
局	733	2	單字	466	599	7
伯	734	2	單字	932	607	7
作	735	2	單字	37	726	7
改	736	2	單字	289	756	7
決	737	2	單字	357	767	7
吸	738	2	單字	658	779	7
忘	739	2	單字	891	922	7
弄	740	2	單字	1207	1005	7
伸	741	2	單字	1173	1045	7
低	742	2	單字	523	1113	7
伴	743	2	單字	1089	1114	7
批	744	2	單字	1000	1191	7
技	745	2	單字	527	1267	7
沈	746	2	單字	1849	1343	7
佈	747	2	單字	1158	1350	7
序	748	2	單字	905	1410	7
杜	749	2	單字	1510	1422	7
吵	750	2	單字	1816	1460	7
李	751	2	單字	433	1663	7
汪	752	2	單字	2025	1898	7
杏	753	2	單字	2924	2204	7
卵	754	2	單字	2243	2300	7
杖	755	2	單字	2891	2522	7
典	756	2	單字	950	13	8
呼	757	2	單字	750	200	8
泡	758	2	單字	1317	234	8
注	759	2	單字	496	289	8
泥	760	2	單字	1075	364	8
忠	761	2	單字	1443	394	8
妹	762	2	單字	999	433	8
抬	763	2	單字	1488	437	8
始	764	2	單字	401	496	8
姑	765	2	單字	1271	523	8
季	766	2	單字	863	566	8
底	767	2	單字	502	572	8
油	768	2	單字	635	587	8
狀	769	2	單字	706	642	8
近	770	2	單字	284	680	8
些	771	2	單字	103	698	8
刻	772	2	單字	579	728	8
牧	773	2	單字	1541	774	8
使	774	2	單字	153	854	8
床	775	2	單字	/	918	8
沿	776	2	單字	1263	932	8
岸	777	2	單字	879	940	8
肥	778	2	單字	1153	954	8
狗	779	2	單字	1189	973	8
板	780	2	單字	793	976	8
例	781	2	單字	412	981	8
味	782	2	單字	613	997	8
治	783	2	單字	414	1042	8
所	784	2	單字	77	1118	8
迎	785	2	單字	846	1142	8
招	786	2	單字	997	1173	8
返	787	2	單字	1520	1205	8
附	788	2	單字	869	1221	8
肯	789	2	單字	930	1251	8
依	790	2	單字	578	1282	8
炒	791	2	單字	2021	1557	8
芳	792	2	單字	1491	1622	8
芝	793	2	單字	2251	1847	8
芭	794	2	單字	2619	2195	8
坪	795	2	單字	2417	2289	8
披	796	2	單字	1993	2396	8
架	797	2	單字	958	14	9
盆	798	2	單字	1847	40	9
界	799	2	單字	273	164	9
祝	800	2	單字	1121	202	9
昨	801	2	單字	947	235	9
洗	802	2	單字	981	350	9
洞	803	2	單字	1136	430	9
派	804	2	單字	674	466	9
約	805	2	單字	374	545	9
指	806	2	單字	269	600	9
孩	807	2	單字	445	705	9
省	808	2	單字	601	733	9
降	809	2	單字	878	742	9
城	810	2	單字	478	752	9
俗	811	2	單字	1175	761	9
哈	812	2	單字	756	762	9
厚	813	2	單字	1072	782	9
胞	814	2	單字	1330	834	9
珍	815	2	單字	1096	899	9
訂	816	2	單字	1095	946	9
紀	817	2	單字	504	1060	9
計	818	2	單字	261	1130	9
按	819	2	單字	811	1151	9
施	820	2	單字	667	1171	9
怒	821	2	單字	1575	1291	9
柏	822	2	單字	1667	1386	9
咬	823	2	單字	1779	1435	9
拾	824	2	單字	1739	1475	9
郊	825	2	單字	1803	1491	9
娃	826	2	單字	1579	1539	9
枯	827	2	單字	1867	1555	9
挖	828	2	單字	1616	1565	9
柱	829	2	單字	1451	1583	9
竿	830	2	單字	2438	1695	9
趴	831	2	單字	3119	2061	9
炮	832	2	單字	1743	/	9
桌	833	2	單字	1091	166	10
格	834	2	單字	365	186	10
站	835	2	單字	467	209	10
耕	836	2	單字	1496	252	10
班	837	2	單字	477	268	10
庭	838	2	單字	817	281	10
特	839	2	單字	203	351	10
疼	840	2	單字	1972	374	10
破	841	2	單字	695	399	10
案	842	2	單字	497	427	10
倒	843	2	單字	615	445	10
值	844	2	單字	654	448	10
逃	845	2	單字	1283	494	10
陣	846	2	單字	888	604	10
旅	847	2	單字	799	685	10
病	848	2	單字	456	697	10
紙	849	2	單字	678	704	10
被	850	2	單字	193	750	10
級	851	2	單字	420	860	10
粉	852	2	單字	1092	875	10
拿	853	2	單字	598	878	10
烈	854	2	單字	803	881	10
紛	855	2	單字	920	897	10
柴	856	2	單字	1747	921	10
討	857	2	單字	642	925	10
剛	858	2	單字	697	928	10
修	859	2	單字	611	941	10
茶	860	2	單字	1109	960	10
座	861	2	單字	665	986	10
捉	862	2	單字	1680	991	10
祥	863	2	單字	1445	1006	10
閃	864	2	單字	1198	1016	10
宮	865	2	單字	1138	1033	10
捕	866	2	單字	1366	1035	10
除	867	2	單字	394	1073	10
料	868	2	單字	473	1098	10
振	869	2	單字	1415	1175	10
針	870	2	單字	833	1176	10
紗	871	2	單字	2067	1230	10
恐	872	2	單字	924	1255	10
桃	873	2	單字	1210	1295	10
准	874	2	單字	1558	1312	10
租	875	2	單字	1713	1429	10
恭	876	2	單字	2118	1459	10
蚊	877	2	單字	2129	1490	10
狼	878	2	單字	1943	1508	10
袖	879	2	單字	1905	1526	10
恩	880	2	單字	1262	1613	10
宵	881	2	單字	2349	1850	10
埋	882	2	單字	1523	2005	10
秩	883	2	單字	1984	2089	10
翅	884	2	單字	2042	2115	10
悄	885	2	單字	1494	2170	10
秤	886	2	單字	2766	2531	10
商	887	2	單字	409	81	11
偉	888	2	單字	993	99	11
組	889	2	單字	349	110	11
部	890	2	單字	105	113	11
梅	891	2	單字	1436	140	11
船	892	2	單字	712	181	11
夠	893	2	單字	600	185	11
理	894	2	單字	125	222	11
強	895	2	單字	294	240	11
敗	896	2	單字	1040	277	11
掉	897	2	單字	801	348	11
排	898	2	單字	489	359	11
偷	899	2	單字	1184	411	11
望	900	2	單字	266	465	11
術	901	2	單字	324	479	11
接	902	2	單字	254	483	11
淡	903	2	單字	1134	486	11
情	904	2	單字	123	491	11
深	905	2	單字	327	527	11
婦	906	2	單字	976	582	11
終	907	2	單字	609	639	11
推	908	2	單字	440	646	11
涼	909	2	單字	1329	648	11
晨	910	2	單字	1257	699	11
堆	911	2	單字	1160	713	11
粗	912	2	單字	1319	765	11
圈	913	2	單字	1099	791	11
貨	914	2	單字	872	794	11
堂	915	2	單字	886	802	11
淨	916	2	單字	1183	820	11
軟	917	2	單字	1030	919	11
符	918	2	單字	1033	929	11
莊	919	2	單字	1344	953	11
脫	920	2	單字	1022	988	11
甜	921	2	單字	1414	1004	11
掛	922	2	單字	1067	1014	11
採	923	2	單字	696	1034	11
頂	924	2	單字	938	1052	11
淚	925	2	單字	1172	1055	11
移	926	2	單字	832	1128	11
球	927	2	單字	363	1140	11
盛	928	2	單字	964	1170	11
袋	929	2	單字	1147	1240	11
啦	930	2	單字	1070	1324	11
處	931	2	單字	228	1365	11
陳	932	2	單字	643	1387	11
密	933	2	單字	702	1395	11
紹	934	2	單字	1074	1412	11
盒	935	2	單字	1591	1433	11
淘	936	2	單字	2268	1436	11
惜	937	2	單字	1129	1456	11
梯	938	2	單字	1542	1463	11
瓶	939	2	單字	1318	1465	11
粒	940	2	單字	1746	1471	11
閉	941	2	單字	1309	1503	11
猜	942	2	單字	1660	1518	11
梨	943	2	單字	2222	1524	11
唸	944	2	單字	1800	/	11
揚	945	2	單字	1041	57	12
街	946	2	單字	866	156	12
統	947	2	單字	304	230	12
寒	948	2	單字	1157	242	12
琴	949	2	單字	1004	270	12
晴	950	2	單字	1934	309	12
提	951	2	單字	212	340	12
報	952	2	單字	268	362	12
週	953	2	單字	1343	402	12
等	954	2	單字	116	407	12
渡	955	2	單字	1369	435	12
椅	956	2	單字	1481	454	12
善	957	2	單字	689	474	12
期	958	2	單字	209	529	12
補	959	2	單字	937	533	12
郵	960	2	單字	1212	627	12
場	961	2	單字	189	683	12
越	962	2	單字	463	690	12
痛	963	2	單字	839	696	12
短	964	2	單字	690	709	12
答	965	2	單字	582	731	12
距	966	2	單字	1044	738	12
湖	967	2	單字	896	753	12
備	968	2	單字	483	769	12
換	969	2	單字	740	790	12
溫	970	2	單字	551	793	12
棉	971	2	單字	1504	841	12
窗	972	2	單字	922	871	12
舒	973	2	單字	1219	933	12
程	974	2	單字	315	951	12
貼	975	2	單字	1071	974	12
幅	976	2	單字	1104	1080	12
喊	977	2	單字	1428	1112	12
順	978	2	單字	751	1139	12
森	979	2	單字	1132	1180	12
勝	980	2	單字	845	1201	12
絲	981	2	單字	910	1212	12
硬	982	2	單字	1046	1219	12
插	983	2	單字	1409	1286	12
殼	984	2	單字	1598	1374	12
著	985	2	單字	129	1402	12
惠	986	2	單字	1379	1408	12
棋	987	2	單字	1703	1452	12
傘	988	2	單字	1805	1484	12
飲	989	2	單字	1286	1516	12
紫	990	2	單字	1299	1521	12
晶	991	2	單字	1345	1522	12
蛙	992	2	單字	2180	1541	12
賀	993	2	單字	1674	1548	12
猴	994	2	單字	2114	1564	12
跌	995	2	單字	1543	1605	12
嫂	996	2	單字	2269	2037	12
莓	997	2	單字	3222	2051	12
惱	998	2	單字	1890	2307	12
煙	999	2	單字	1015	38	13
電	1000	2	單字	156	68	13
腦	1001	2	單字	560	112	13
落	1002	2	單字	410	239	13
暗	1003	2	單字	1014	299	13
塊	1004	2	單字	782	324	13
鼓	1005	2	單字	867	338	13
鉛	1006	2	單字	1973	353	13
傷	1007	2	單字	644	368	13
較	1008	2	單字	356	408	13
溪	1009	2	單字	1430	472	13
達	1010	2	單字	310	482	13
誠	1011	2	單字	1042	688	13
搖	1012	2	單字	1020	689	13
滑	1013	2	單字	1199	701	13
準	1014	2	單字	1276	723	13
遇	1015	2	單字	820	819	13
遊	1016	2	單字	545	850	13
號	1017	2	單字	447	856	13
亂	1018	2	單字	822	868	13
傳	1019	2	單字	302	884	13
群	1020	2	單字	/	917	13
照	1021	2	單字	371	985	13
業	1022	2	單字	139	1000	13
遍	1023	2	單字	1085	1020	13
資	1024	2	單字	282	1038	13
微	1025	2	單字	791	1039	13
詳	1026	2	單字	1487	1075	13
暖	1027	2	單字	1246	1103	13
幹	1028	2	單字	836	1106	13
蜂	1029	2	單字	1958	1110	13
極	1030	2	單字	434	1125	13
該	1031	2	單字	336	1141	13
預	1032	2	單字	739	1182	13
塔	1033	2	單字	1410	1235	13
頓	1034	2	單字	862	1244	13
勤	1035	2	單字	1285	1254	13
碗	1036	2	單字	1834	1256	13
楊	1037	2	單字	963	1276	13
搶	1038	2	單字	1320	1301	13
蜓	1039	2	單字	3194	1321	13
鈴	1040	2	單字	1562	1327	13
腳	1041	2	單字	752	1332	13
跡	1042	2	單字	1332	1391	13
筷	1043	2	單字	2908	1434	13
獅	1044	2	單字	1868	1448	13
膀	1045	2	單字	1814	1458	13
爺	1046	2	單字	1468	1528	13
盞	1047	2	單字	2743	1544	13
頑	1048	2	單字	2153	1700	13
搞	1049	2	單字	1417	/	13
慢	1050	2	單字	847	141	14
認	1051	2	單字	250	147	14
滿	1052	2	單字	354	250	14
蓋	1053	2	單字	975	267	14
趕	1054	2	單字	864	298	14
管	1055	2	單字	300	354	14
聞	1056	2	單字	747	382	14
算	1057	2	單字	381	413	14
圖	1058	2	單字	364	460	14
腿	1059	2	單字	1402	544	14
睡	1060	2	單字	898	638	14
銀	1061	2	單字	602	664	14
精	1062	2	單字	387	702	14
稱	1063	2	單字	481	730	14
榮	1064	2	單字	870	843	14
端	1065	2	單字	892	901	14
輕	1066	2	單字	438	906	14
慈	1067	2	單字	1784	916	14
漸	1068	2	單字	730	931	14
境	1069	2	單字	509	945	14
態	1070	2	單字	575	961	14
裳	1071	2	單字	2746	994	14
演	1072	2	單字	411	1008	14
銅	1073	2	單字	1554	1013	14
緊	1074	2	單字	597	1031	14
熊	1075	2	單字	2141	1082	14
窩	1076	2	單字	1889	1092	14
漁	1077	2	單字	1413	1127	14
槍	1078	2	單字	1336	1135	14
摸	1079	2	單字	1298	1245	14
蜜	1080	2	單字	1822	1250	14
蒼	1081	2	單字	1778	1334	14
敲	1082	2	單字	1664	1446	14
餅	1083	2	單字	1725	1483	14
摘	1084	2	單字	1837	1512	14
塵	1085	2	單字	1477	1523	14
漂	1086	2	單字	1372	1578	14
貌	1087	2	單字	1279	1585	14
網	1088	2	單字	760	1724	14
箏	1089	2	單字	2510	1734	14
滾	1090	2	單字	1397	1771	14
蜻	1091	2	單字	3126	2309	14
慶	1092	2	單字	1142	46	15
影	1093	2	單字	293	101	15
數	1094	2	單字	183	105	15
樣	1095	2	單字	121	124	15
豬	1096	2	單字	1427	266	15
鞋	1097	2	單字	1247	343	15
盤	1098	2	單字	899	381	15
樓	1099	2	單字	732	401	15
墨	1100	2	單字	1348	439	15
輪	1101	2	單字	906	451	15
髮	1102	2	單字	894	498	15
震	1103	2	單字	1055	541	15
談	1104	2	單字	584	546	15
餓	1105	2	單字	1865	562	15
潔	1106	2	單字	1270	574	15
練	1107	2	單字	633	592	15
靠	1108	2	單字	876	595	15
熟	1109	2	單字	939	615	15
稻	1110	2	單字	1465	634	15
增	1111	2	單字	471	665	15
熱	1112	2	單字	385	710	15
廠	1113	2	單字	828	804	15
線	1114	2	單字	355	827	15
播	1115	2	單字	986	879	15
箭	1116	2	單字	1557	894	15
踏	1117	2	單字	1363	983	15
鬧	1118	2	單字	1123	1009	15
麵	1119	2	單字	/	1026	15
論	1120	2	單字	338	1040	15
輛	1121	2	單字	1435	1059	15
撲	1122	2	單字	1763	1068	15
標	1123	2	單字	503	1076	15
確	1124	2	單字	531	1137	15
衝	1125	2	單字	992	1147	15
憐	1126	2	單字	1836	1178	15
模	1127	2	單字	685	1384	15
潑	1128	2	單字	1861	1477	15
寬	1129	2	單字	1043	1511	15
撞	1130	2	單字	1582	1513	15
蝦	1131	2	單字	2130	1514	15
澆	1132	2	單字	2376	1560	15
鴉	1133	2	單字	2487	1596	15
潭	1134	2	單字	2628	1753	15
嘩	1135	2	單字	2103	2324	15
踩	1136	2	單字	2400	/	15
燒	1137	2	單字	1082	27	16
靜	1138	2	單字	709	210	16
糖	1139	2	單字	1303	228	16
橋	1140	2	單字	1010	311	16
整	1141	2	單字	360	370	16
器	1142	2	單字	519	507	16
導	1143	2	單字	361	671	16
奮	1144	2	單字	1093	672	16
鋼	1145	2	單字	1227	693	16
激	1146	2	單字	884	743	16
嘴	1147	2	單字	1105	760	16
歷	1148	2	單字	558	772	16
操	1149	2	單字	1097	813	16
遲	1150	2	單字	1420	814	16
錄	1151	2	單字	758	864	16
機	1152	2	單字	147	867	16
錢	1153	2	單字	521	905	16
醒	1154	2	單字	1012	942	16
築	1155	2	單字	918	1021	16
館	1156	2	單字	659	1051	16
橫	1157	2	單字	1208	1065	16
壁	1158	2	單字	1218	1169	16
辦	1159	2	單字	362	1192	16
舉	1160	2	單字	397	1277	16
興	1161	2	單字	391	1304	16
燕	1162	2	單字	1647	1440	16
蕉	1163	2	單字	2304	1488	16
糕	1164	2	單字	2152	1598	16
懂	1165	2	單字	1051	1670	16
曆	1166	2	單字	2064	1718	16
橙	1167	2	單字	2836	1810	16
臉	1168	2	單字	807	22	17
賽	1169	2	單字	694	98	17
壓	1170	2	單字	713	520	17
雖	1171	2	單字	507	554	17
擦	1172	2	單字	1595	557	17
戲	1173	2	單字	681	576	17
謝	1174	2	單字	770	830	17
禮	1175	2	單字	788	833	17
嶺	1176	2	單字	1979	835	17
顆	1177	2	單字	1220	851	17
應	1178	2	單字	174	909	17
鮮	1179	2	單字	952	912	17
環	1180	2	單字	452	950	17
總	1181	2	單字	257	1044	17
臂	1182	2	單字	1766	1163	17
牆	1183	2	單字	1182	1269	17
謊	1184	2	單字	2483	1466	17
謎	1185	2	單字	2215	1486	17
擠	1186	2	單字	1382	1799	17
顏	1187	2	單字	1180	292	18
騎	1188	2	單字	1761	423	18
題	1189	2	單字	141	573	18
簡	1190	2	單字	721	624	18
雙	1191	2	單字	546	716	18
舊	1192	2	單字	890	892	18
醫	1193	2	單字	563	949	18
糧	1194	2	單字	1755	1012	18
翻	1195	2	單字	1021	1091	18
擺	1196	2	單字	1090	1243	18
轉	1197	2	單字	373	1317	18
藍	1198	2	單字	970	1474	18
鞭	1199	2	單字	2100	1710	18
蹦	1200	2	單字	3184	1805	18
鯊	1201	2	單字	2699	/	18
鏡	1202	2	單字	962	220	19
藥	1203	2	單字	776	291	19
關	1204	2	單字	161	471	19
識	1205	2	單字	402	1061	19
繩	1206	2	單字	1826	1445	19
壞	1207	2	單字	841	1450	19
蠅	1208	2	單字	3017	2642	19
寶	1209	2	單字	722	347	20
飄	1210	2	單字	1342	519	20
警	1211	2	單字	720	608	20
鐘	1212	2	單字	826	652	20
露	1213	2	單字	813	49	21
護	1214	2	單字	550	189	21
響	1215	2	單字	435	532	21
鶴	1216	2	單字	2664	1970	21
體	1217	2	單字	111	542	23
變	1218	2	單字	208	674	23
驚	1219	2	單字	821	1252	23
曬	1220	2	單字	2247	/	23
讓	1221	2	單字	320	967	24
鷹	1222	2	單字	2105	1431	24
觀	1223	2	單字	286	647	25
灣	1224	2	單字	495	858	25
凡	1225	3	部件	1148	130	3
孔	1226	3	部件	1062	326	4
凶	1227	3	部件	2508	1510	4
丑	1228	3	部件	2887	1672	4
勻	1229	3	部件	3019	2808	4
末	1230	3	部件	1230	1316	5
矛	1231	3	部件	1883	1991	5
匆	1232	3	部件	1721	2069	5
丘	1233	3	部件	2115	2135	5
乏	1234	3	部件	1495	2263	5
玄	1235	3	部件	2452	2399	5
卉	1236	3	部件	3051	2765	5
危	1237	3	部件	946	129	6
存	1238	3	部件	513	414	6
考	1239	3	部件	430	438	6
死	1240	3	部件	443	492	6
血	1241	3	部件	707	621	6
后	1242	3	部件	1531	980	6
刑	1243	3	部件	1736	1888	6
州	1244	3	部件	915	2110	6
夷	1245	3	部件	2694	2745	6
赤	1246	3	部件	1602	1203	7
夾	1247	3	部件	1533	1481	7
戒	1248	3	部件	1696	1699	7
狂	1249	3	部件	1519	2073	7
邦	1250	3	部件	1551	2416	7
宜	1251	3	部件	1023	54	8
奉	1252	3	部件	1503	457	8
委	1253	3	部件	716	1378	8
昏	1254	3	部件	1482	1449	8
妻	1255	3	部件	1200	1628	8
孤	1256	3	部件	1464	2024	8
卒	1257	3	部件	3112	2435	8
卑	1258	3	部件	2432	2793	8
帝	1259	3	部件	1086	77	9
皇	1260	3	部件	1126	80	9
胃	1261	3	部件	1835	995	9
則	1262	3	部件	342	1272	9
致	1263	3	部件	705	1297	9
若	1264	3	部件	719	1423	9
柔	1265	3	部件	1278	1742	9
眉	1266	3	部件	1723	1813	9
某	1267	3	部件	812	1866	9
盾	1268	3	部件	1753	1884	9
皆	1269	3	部件	1489	2349	9
弱	1270	3	部件	1057	810	10
庫	1271	3	部件	1351	934	10
烏	1272	3	部件	1249	1351	10
臭	1273	3	部件	1871	2009	10
躬	1274	3	部件	2884	2360	10
兼	1275	3	部件	1479	2474	10
責	1276	3	部件	715	28	11
參	1277	3	部件	406	391	11
章	1278	3	部件	804	596	11
康	1279	3	部件	655	660	11
將	1280	3	部件	142	729	11
務	1281	3	部件	350	775	11
異	1282	3	部件	865	1217	11
率	1283	3	部件	668	1263	11
敏	1284	3	部件	1432	1677	11
累	1285	3	部件	1185	1761	11
宿	1286	3	部件	1797	2075	11
尊	1287	3	部件	1039	375	12
貴	1288	3	部件	795	422	12
普	1289	3	部件	880	1306	12
朝	1290	3	部件	765	1401	12
疏	1291	3	部件	1580	1951	12
雷	1292	3	部件	1162	271	13
感	1293	3	部件	202	631	13
義	1294	3	部件	305	849	13
葬	1295	3	部件	2236	2014	13
需	1296	3	部件	426	650	14
蒙	1297	3	部件	1232	847	14
盡	1298	3	部件	622	869	14
賓	1299	3	部件	1300	1300	14
疑	1300	3	部件	1011	1703	14
聚	1301	3	部件	1166	1910	14
審	1302	3	部件	1294	862	15
齒	1303	3	部件	1765	963	15
廚	1304	3	部件	1773	1629	15
憂	1305	3	部件	1619	1966	15
厲	1306	3	部件	1649	2273	15
縣	1307	3	部件	951	822	16
賴	1308	3	部件	1383	2178	16
頻	1309	3	部件	1569	2710	16
豐	1310	3	部件	774	1133	18
羅	1311	3	部件	570	1366	19
贊	1312	3	部件	1629	2296	19
丸	1313	3	單字	2524	1806	3
仁	1314	3	單字	1259	687	4
仍	1315	3	單字	592	1290	4
仗	1316	3	單字	2194	1669	5
叮	1317	3	單字	2008	1789	5
叭	1318	3	單字	2709	2217	5
印	1319	3	單字	688	102	6
任	1320	3	單字	267	996	6
肌	1321	3	單字	1701	1153	6
兇	1322	3	單字	2154	1482	6
帆	1323	3	單字	2244	1633	6
伍	1324	3	單字	1565	1747	6
奸	1325	3	單字	2656	1798	6
仿	1326	3	單字	1669	2030	6
伙	1327	3	單字	1758	2033	6
匠	1328	3	單字	2213	2090	6
托	1329	3	單字	1252	2137	6
佛	1330	3	單字	1233	47	7
私	1331	3	單字	1119	300	7
投	1332	3	單字	517	366	7
災	1333	3	單字	1137	558	7
兵	1334	3	單字	916	707	7
防	1335	3	單字	714	1070	7
判	1336	3	單字	974	1100	7
均	1337	3	單字	800	1104	7
攻	1338	3	單字	1239	1159	7
否	1339	3	單字	676	1239	7
似	1340	3	單字	590	1257	7
抗	1341	3	單字	954	1284	7
佔	1342	3	單字	1191	1323	7
妖	1343	3	單字	2387	1505	7
扶	1344	3	單字	1633	1573	7
沖	1345	3	單字	1337	1606	7
牢	1346	3	單字	1720	1649	7
扮	1347	3	單字	1583	1709	7
芒	1348	3	單字	2354	1725	7
吞	1349	3	單字	1838	1780	7
佑	1350	3	單字	2576	1880	7
皂	1351	3	單字	2594	1959	7
妥	1352	3	單字	1802	1960	7
抖	1353	3	單字	2069	1989	7
坑	1354	3	單字	2217	2143	7
吩	1355	3	單字	2958	2359	7
圾	1356	3	單字	1588	2576	7
吝	1357	3	單字	3064	2832	7
杆	1358	3	單字	2478	/	7
芋	1359	3	單字	3315	/	7
巡	1360	3	單字	1651	/	7
況	1361	3	單字	631	53	8
命	1362	3	單字	368	111	8
店	1363	3	單字	737	219	8
姓	1364	3	單字	1181	512	8
協	1365	3	單字	757	913	8
性	1366	3	單字	195	948	8
坦	1367	3	單字	1421	962	8
刺	1368	3	單字	1122	978	8
征	1369	3	單字	1891	1241	8
抽	1370	3	單字	1078	1347	8
抵	1371	3	單字	1314	1403	8
岩	1372	3	單字	1433	1441	8
供	1373	3	單字	589	1455	8
帕	1374	3	單字	2294	1571	8
乳	1375	3	單字	1540	1616	8
奔	1376	3	單字	1419	1626	8
斧	1377	3	單字	2636	1637	8
臥	1378	3	單字	/	1655	8
芬	1379	3	單字	1710	1721	8
股	1380	3	單字	772	1741	8
抹	1381	3	單字	1853	1804	8
乖	1382	3	單字	2173	1811	8
拖	1383	3	單字	1354	1826	8
芽	1384	3	單字	2082	1868	8
沾	1385	3	單字	2163	1901	8
泳	1386	3	單字	1460	1907	8
狐	1387	3	單字	2689	1927	8
玫	1388	3	單字	2246	1942	8
拐	1389	3	單字	2872	2066	8
肩	1390	3	單字	1529	2232	8
衫	1391	3	單字	2332	2471	8
垃	1392	3	單字	1577	2489	8
泊	1393	3	單字	1872	2551	8
呵	1394	3	單字	1656	2601	8
咐	1395	3	單字	2590	2661	8
括	1396	3	單字	778	415	9
洪	1397	3	單字	1456	514	9
耐	1398	3	單字	1418	586	9
政	1399	3	單字	233	676	9
待	1400	3	單字	614	852	9
負	1401	3	單字	691	853	9
炸	1402	3	單字	1499	887	9
研	1403	3	單字	511	1109	9
津	1404	3	單字	1670	1138	9
突	1405	3	單字	670	1161	9
染	1406	3	單字	971	1196	9
叛	1407	3	單字	2318	1206	9
洲	1408	3	單字	680	1209	9
威	1409	3	單字	911	1210	9
型	1410	3	單字	543	1285	9
祕	1411	3	單字	2380	1330	9
炭	1412	3	單字	2538	1337	9
姿	1413	3	單字	1407	1368	9
玻	1414	3	單字	1398	1373	9
恢	1415	3	單字	1640	1388	9
陌	1416	3	單字	2126	1438	9
胖	1417	3	單字	2009	1509	9
姪	1418	3	單字	2665	1561	9
柳	1419	3	單字	1750	1574	9
虹	1420	3	單字	2327	1611	9
恰	1421	3	單字	1740	1642	9
拼	1422	3	單字	1708	1653	9
姨	1423	3	單字	2208	1668	9
怨	1424	3	單字	1679	1676	9
勁	1425	3	單字	1498	1701	9
勉	1426	3	單字	1912	1708	9
茅	1427	3	單字	2781	1720	9
狠	1428	3	單字	1855	1752	9
砍	1429	3	單字	2063	1756	9
恆	1430	3	單字	1906	1767	9
秒	1431	3	單字	1610	1774	9
歪	1432	3	單字	2286	1776	9
缸	1433	3	單字	2705	1916	9
挑	1434	3	單字	1079	1939	9
剃	1435	3	單字	3281	1949	9
削	1436	3	單字	2022	2031	9
柿	1437	3	單字	2899	2131	9
映	1438	3	單字	1163	2306	9
牲	1439	3	單字	1821	2458	9
哄	1440	3	單字	2450	2502	9
狡	1441	3	單字	3470	2811	9
套	1442	3	單字	940	436	10
訓	1443	3	單字	978	602	10
效	1444	3	單字	679	614	10
財	1445	3	單字	786	708	10
航	1446	3	單字	1088	956	10
配	1447	3	單字	701	959	10
貢	1448	3	單字	1424	984	10
缺	1449	3	單字	882	1117	10
訊	1450	3	單字	928	1313	10
峽	1451	3	單字	1737	1314	10
脈	1452	3	單字	1511	1335	10
索	1453	3	單字	902	1428	10
烤	1454	3	單字	2242	1554	10
凍	1455	3	單字	1930	1584	10
浮	1456	3	單字	1269	1590	10
悔	1457	3	單字	1983	1600	10
脆	1458	3	單字	2046	1603	10
峰	1459	3	單字	/	1630	10
浴	1460	3	單字	1916	1645	10
宴	1461	3	單字	2057	1658	10
扇	1462	3	單字	1678	1679	10
胸	1463	3	單字	1346	1684	10
株	1464	3	單字	2038	1746	10
倆	1465	3	單字	1831	1762	10
挨	1466	3	單字	2298	1779	10
挺	1467	3	單字	1754	1794	10
哨	1468	3	單字	2835	1833	10
窄	1469	3	單字	2155	1853	10
眨	1470	3	單字	2724	1867	10
朗	1471	3	單字	1304	1897	10
眠	1472	3	單字	1928	1899	10
飢	1473	3	單字	2527	1929	10
秧	1474	3	單字	2939	1968	10
徒	1475	3	單字	1201	1979	10
悅	1476	3	單字	1709	2043	10
浸	1477	3	單字	2077	2072	10
疲	1478	3	單字	1712	2116	10
釘	1479	3	單字	2137	2138	10
剝	1480	3	單字	2235	2140	10
紋	1481	3	單字	1642	2231	10
狸	1482	3	單字	/	2402	10
殊	1483	3	單字	1202	2417	10
捏	1484	3	單字	2499	2516	10
荔	1485	3	單字	3124	2666	10
娟	1486	3	單字	2626	2719	10
笆	1487	3	單字	/	2782	10
迴	1488	3	單字	1469	/	10
剪	1489	3	單字	1546	97	11
速	1490	3	單字	621	119	11
陸	1491	3	單字	692	170	11
畢	1492	3	單字	861	287	11
救	1493	3	單字	897	294	11
途	1494	3	單字	1050	339	11
透	1495	3	單字	809	515	11
堅	1496	3	單字	783	530	11
設	1497	3	單字	296	547	11
寄	1498	3	單字	1272	570	11
基	1499	3	單字	352	641	11
健	1500	3	單字	741	748	11
通	1501	3	單字	226	798	11
猛	1502	3	單字	1507	863	11
探	1503	3	單字	830	908	11
眾	1504	3	單字	446	915	11
訪	1505	3	單字	860	944	11
略	1506	3	單字	929	1273	11
陷	1507	3	單字	1459	1357	11
旋	1508	3	單字	1371	1427	11
淹	1509	3	單字	2564	1530	11
釣	1510	3	單字	1911	1535	11
偶	1511	3	單字	1156	1550	11
笛	1512	3	單字	2355	1579	11
笨	1513	3	單字	2096	1588	11
陪	1514	3	單字	1378	1641	11
啄	1515	3	單字	2934	1644	11
啊	1516	3	單字	853	1675	11
貪	1517	3	單字	1718	1698	11
羞	1518	3	單字	2081	1731	11
貧	1519	3	單字	1321	1740	11
匙	1520	3	單字	2319	1777	11
婚	1521	3	單字	955	1782	11
雀	1522	3	單字	1788	1796	11
梳	1523	3	單字	2525	1809	11
添	1524	3	單字	1559	1827	11
牽	1525	3	單字	1534	1851	11
捨	1526	3	單字	1512	1890	11
患	1527	3	單字	1277	1891	11
蛀	1528	3	單字	3488	1909	11
淺	1529	3	單字	1657	1920	11
崇	1530	3	單字	1574	1921	11
淑	1531	3	單字	2074	2007	11
脣	1532	3	單字	/	2011	11
逗	1533	3	單字	2418	2025	11
淋	1534	3	單字	1886	2039	11
悉	1535	3	單字	1483	2042	11
械	1536	3	單字	1900	2083	11
莖	1537	3	單字	2506	2236	11
側	1538	3	單字	1339	2270	11
舵	1539	3	單字	3239	2400	11
啤	1540	3	單字	3071	2425	11
寂	1541	3	單字	1654	2498	11
敘	1542	3	單字	/	/	11
牌	1543	3	單字	1016	367	12
替	1544	3	單字	1087	447	12
費	1545	3	單字	488	453	12
煮	1546	3	單字	1775	461	12
掌	1547	3	單字	1002	553	12
減	1548	3	單字	718	603	12
圍	1549	3	單字	759	623	12
富	1550	3	單字	626	632	12
隆	1551	3	單字	1281	645	12
集	1552	3	單字	441	682	12
暑	1553	3	單字	1722	749	12
智	1554	3	單字	1017	770	12
港	1555	3	單字	677	846	12
惡	1556	3	單字	1024	888	12
棒	1557	3	單字	1695	990	12
項	1558	3	單字	553	1010	12
握	1559	3	單字	1106	1024	12
揮	1560	3	單字	856	1089	12
雅	1561	3	單字	1150	1318	12
翔	1562	3	單字	2044	1469	12
盜	1563	3	單字	1845	1529	12
媒	1564	3	單字	1326	1567	12
悲	1565	3	單字	1211	1587	12
剩	1566	3	單字	1306	1610	12
毯	1567	3	單字	2635	1648	12
描	1568	3	單字	1264	1651	12
尋	1569	3	單字	901	1652	12
稀	1570	3	單字	1662	1657	12
寓	1571	3	單字	2128	1692	12
割	1572	3	單字	1622	1732	12
壺	1573	3	單字	2340	1768	12
裂	1574	3	單字	1370	1773	12
筋	1575	3	單字	1781	1783	12
詐	1576	3	單字	2926	1788	12
診	1577	3	單字	2142	1807	12
雁	1578	3	單字	2702	1841	12
階	1579	3	單字	926	1876	12
悶	1580	3	單字	1874	1887	12
搜	1581	3	單字	1768	1896	12
棲	1582	3	單字	2321	1906	12
棚	1583	3	單字	2083	1933	12
揭	1584	3	單字	1866	1938	12
喻	1585	3	單字	2053	1990	12
傑	1586	3	單字	1377	1993	12
喇	1587	3	單字	2396	1996	12
閒	1588	3	單字	1315	2022	12
裙	1589	3	單字	2104	2057	12
斑	1590	3	單字	1832	2136	12
蛛	1591	3	單字	2777	2150	12
渴	1592	3	單字	1951	2183	12
喘	1593	3	單字	2281	2215	12
傍	1594	3	單字	2411	2245	12
萄	1595	3	單字	2156	2278	12
湧	1596	3	單字	1658	2484	12
惰	1597	3	單字	2748	2490	12
酥	1598	3	單字	3014	2542	12
渣	1599	3	單字	2784	2778	12
零	1600	3	單字	1018	159	13
滅	1601	3	單字	1361	279	13
運	1602	3	單字	311	315	13
搬	1603	3	單字	1412	392	13
碰	1604	3	單字	1391	409	13
試	1605	3	單字	490	508	13
置	1606	3	單字	699	563	13
詩	1607	3	單字	769	870	13
溝	1608	3	單字	1505	874	13
隔	1609	3	單字	1165	1028	13
廈	1610	3	單字	1969	1063	13
源	1611	3	單字	663	1124	13
塞	1612	3	單字	1194	1150	13
飼	1613	3	單字	2374	1198	13
勢	1614	3	單字	632	1202	13
跨	1615	3	單字	1600	1338	13
載	1616	3	單字	1053	1349	13
煤	1617	3	單字	1780	1353	13
舅	1618	3	單字	2697	1502	13
愈	1619	3	單字	969	1527	13
稚	1620	3	單字	2162	1581	13
綁	1621	3	單字	2457	1602	13
瑞	1622	3	單字	1532	1615	13
溜	1623	3	單字	1914	1619	13
嫁	1624	3	單字	1965	1632	13
頒	1625	3	單字	2196	1634	13
矮	1626	3	單字	2085	1646	13
傻	1627	3	單字	2011	1680	13
溶	1628	3	單字	2039	1691	13
溼	1629	3	單字	/	1706	13
跪	1630	3	單字	2561	1793	13
葡	1631	3	單字	2003	1822	13
腰	1632	3	單字	1632	1845	13
溺	1633	3	單字	2972	1849	13
愚	1634	3	單字	1982	1877	13
慌	1635	3	單字	1884	1882	13
搭	1636	3	單字	1434	1889	13
毀	1637	3	單字	1818	1935	13
飾	1638	3	單字	1335	1967	13
滔	1639	3	單字	2282	2001	13
惹	1640	3	單字	2407	2012	13
碎	1641	3	單字	1384	2013	13
愁	1642	3	單字	1857	2027	13
煎	1643	3	單字	2776	2038	13
賊	1644	3	單字	2465	2068	13
滋	1645	3	單字	1537	2123	13
睛	1646	3	單字	1026	2128	13
嗚	1647	3	單字	2302	2479	13
催	1648	3	單字	2091	2553	13
猾	1649	3	單字	/	/	13
痴	1650	3	單字	2638	/	13
誇	1651	3	單字	2012	/	13
跤	1652	3	單字	3277	/	13
嫩	1653	3	單字	2119	51	14
夢	1654	3	單字	925	163	14
團	1655	3	單字	451	651	14
酸	1656	3	單字	1355	661	14
際	1657	3	單字	457	739	14
製	1658	3	單字	572	859	14
腐	1659	3	單字	1624	939	14
奪	1660	3	單字	1367	1101	14
幕	1661	3	單字	1228	1218	14
慣	1662	3	單字	1255	1325	14
嘗	1663	3	單字	1467	1591	14
旗	1664	3	單字	1254	1661	14
瘋	1665	3	單字	2018	1665	14
漏	1666	3	單字	1885	1674	14
幣	1667	3	單字	1036	1766	14
漫	1668	3	單字	1146	1792	14
滴	1669	3	單字	1453	1800	14
酷	1670	3	單字	2045	1836	14
摔	1671	3	單字	2312	1855	14
颱	1672	3	單字	2072	1857	14
凳	1673	3	單字	2894	1861	14
翠	1674	3	單字	1786	1865	14
舞	1675	3	單字	669	1908	14
瘦	1676	3	單字	1974	1931	14
慘	1677	3	單字	1732	1956	14
膏	1678	3	單字	2529	1957	14
墓	1679	3	單字	1770	1965	14
蜘	1680	3	單字	3065	1971	14
遙	1681	3	單字	1571	2103	14
碧	1682	3	單字	1666	2127	14
瑰	1683	3	單字	2199	2432	14
漱	1684	3	單字	3372	2457	14
截	1685	3	單字	1672	2697	14
綵	1686	3	單字	2669	2858	14
璃	1687	3	單字	1401	43	15
獎	1688	3	單字	966	176	15
敵	1689	3	單字	1288	188	15
層	1690	3	單字	525	378	15
賣	1691	3	單字	792	417	15
罵	1692	3	單字	1604	644	15
適	1693	3	單字	641	667	15
趣	1694	3	單字	823	745	15
鄰	1695	3	單字	1340	803	15
範	1696	3	單字	850	966	15
編	1697	3	單字	871	1046	15
閱	1698	3	單字	1273	1049	15
劇	1699	3	單字	608	1208	15
磁	1700	3	單字	1880	1309	15
膠	1701	3	單字	1308	1315	15
篇	1702	3	單字	982	1339	15
遭	1703	3	單字	1237	1376	15
輝	1704	3	單字	1236	1492	15
蓮	1705	3	單字	1466	1501	15
瞎	1706	3	單字	2840	1576	15
箱	1707	3	單字	1203	1582	15
膚	1708	3	單字	1386	1601	15
艘	1709	3	單字	2226	1618	15
碼	1710	3	單字	1131	1623	15
褲	1711	3	單字	2256	1638	15
誼	1712	3	單字	2043	1690	15
墳	1713	3	單字	2314	1707	15
億	1714	3	單字	824	1712	15
翩	1715	3	單字	2670	1722	15
歎	1716	3	單字	2756	1723	15
輩	1717	3	單字	1508	1729	15
窮	1718	3	單字	1235	1735	15
駕	1719	3	單字	1694	1744	15
廟	1720	3	單字	1752	1772	15
噴	1721	3	單字	1792	1784	15
躺	1722	3	單字	1823	1785	15
撈	1723	3	單字	2352	1844	15
鋒	1724	3	單字	1478	1864	15
賠	1725	3	單字	2258	1874	15
諒	1726	3	單字	2097	1903	15
潮	1727	3	單字	1061	1934	15
劈	1728	3	單字	2592	1998	15
慧	1729	3	單字	1365	1999	15
銷	1730	3	單字	1225	2049	15
鋪	1731	3	單字	1756	2074	15
踢	1732	3	單字	1947	2106	15
儉	1733	3	單字	2578	2129	15
膝	1734	3	單字	2382	2225	15
皺	1735	3	單字	2259	2397	15
蔔	1736	3	單字	2190	2613	15
幟	1737	3	單字	2601	2866	15
遺	1738	3	單字	1113	446	16
險	1739	3	單字	763	746	16
燃	1740	3	單字	1480	840	16
擔	1741	3	單字	710	965	16
選	1742	3	單字	251	1158	16
隨	1743	3	單字	557	1162	16
積	1744	3	單字	505	1166	16
錦	1745	3	單字	1636	1495	16
螞	1746	3	單字	2658	1570	16
餐	1747	3	單字	990	1575	16
螢	1748	3	單字	2571	1595	16
磨	1749	3	單字	1400	1620	16
濃	1750	3	單字	1231	1631	16
撿	1751	3	單字	2293	1694	16
雕	1752	3	單字	1493	1733	16
遵	1753	3	單字	1843	1755	16
橡	1754	3	單字	2123	1765	16
默	1755	3	單字	1049	1770	16
融	1756	3	單字	1038	1795	16
燙	1757	3	單字	2783	1859	16
擋	1758	3	單字	2160	1875	16
蔬	1759	3	單字	1864	1881	16
擁	1760	3	單字	1077	1915	16
頸	1761	3	單字	1875	2441	16
蕩	1762	3	單字	1783	2547	16
螃	1763	3	單字	3212	2798	16
優	1764	3	單字	627	42	17
聰	1765	3	單字	1570	121	17
講	1766	3	單字	565	314	17
臨	1767	3	單字	914	406	17
績	1768	3	單字	1120	421	17
擊	1769	3	單字	798	1018	17
縮	1770	3	單字	1083	1149	17
聯	1771	3	單字	454	1227	17
勵	1772	3	單字	1224	1292	17
戴	1773	3	單字	1258	1293	17
繁	1774	3	單字	1066	1294	17
檢	1775	3	單字	917	1379	17
嚇	1776	3	單字	1514	1461	17
鴿	1777	3	單字	2403	1464	17
艱	1778	3	單字	1625	1580	17
鍋	1779	3	單字	1962	1639	17
霞	1780	3	單字	2233	1666	17
糞	1781	3	單字	2668	1775	17
醜	1782	3	單字	2054	1781	17
嶼	1783	3	單字	2367	1843	17
霜	1784	3	單字	2285	1846	17
翼	1785	3	單字	1728	1873	17
瞧	1786	3	單字	1968	1947	17
膽	1787	3	單字	1490	1981	17
賺	1788	3	單字	1601	1985	17
燦	1789	3	單字	2089	2111	17
邁	1790	3	單字	1815	2152	17
斃	1791	3	單字	3389	2184	17
蹈	1792	3	單字	1760	2251	17
鞠	1793	3	單字	3199	2375	17
織	1794	3	單字	735	244	18
雜	1795	3	單字	893	724	18
歸	1796	3	單字	979	910	18
斷	1797	3	單字	499	987	18
繞	1798	3	單字	1333	1258	18
額	1799	3	單字	1005	1364	18
鵝	1800	3	單字	1854	1627	18
嚮	1801	3	單字	2060	1681	18
鎖	1802	3	單字	1796	1759	18
擾	1803	3	單字	1590	1778	18
叢	1804	3	單字	1700	1838	18
礎	1805	3	單字	1360	1954	18
嬸	1806	3	單字	2923	2162	18
龜	1807	3	單字	2436	2344	18
懷	1808	3	單字	790	30	19
類	1809	3	單字	340	352	19
願	1810	3	單字	675	459	19
簽	1811	3	單字	1394	838	19
獸	1812	3	單字	2002	998	19
蟻	1813	3	單字	2431	1015	19
轎	1814	3	單字	2768	1604	19
騙	1815	3	單字	1597	1643	19
鯨	1816	3	單字	3203	1647	19
懶	1817	3	單字	1841	1828	19
霧	1818	3	單字	1576	1926	19
韻	1819	3	單字	1963	1936	19
繳	1820	3	單字	2300	1995	19
穫	1821	3	單字	2017	2044	19
寵	1822	3	單字	2267	2065	19
瓣	1823	3	單字	2557	2142	19
蟹	1824	3	單字	2313	2368	19
藤	1825	3	單字	2200	2404	19
繫	1826	3	單字	1476	2757	19
獻	1827	3	單字	1130	890	20
競	1828	3	單字	1141	1078	20
繼	1829	3	單字	703	1311	20
蘇	1830	3	單字	923	1369	20
耀	1831	3	單字	1422	1569	20
襪	1832	3	單字	2861	1594	20
蘋	1833	3	單字	2001	1659	20
爐	1834	3	單字	1714	1702	20
籃	1835	3	單字	1593	1715	20
騰	1836	3	單字	1711	2047	20
犧	1837	3	單字	2052	2274	20
鐵	1838	3	單字	647	320	21
蘭	1839	3	單字	768	536	21
顧	1840	3	單字	673	792	21
續	1841	3	單字	533	1167	21
爛	1842	3	單字	1385	1280	21
辯	1843	3	單字	1677	1992	21
躍	1844	3	單字	1450	1997	21
灘	1845	3	單字	1727	1726	22
籠	1846	3	單字	1698	1925	22
聾	1847	3	單字	2873	2029	22
鷗	1848	3	單字	2818	/	22
驗	1849	3	單字	515	1184	23
蘿	1850	3	單字	2164	2775	23
罐	1851	3	單字	2084	1577	24
廳	1852	3	單字	1108	866	25
籬	1853	3	單字	3173	2512	25
讚	1854	3	單字	2007	1249	26
鑽	1855	3	單字	2301	1711	27
豔	1856	3	單字	/	1689	28
叉	1857	4	部件	2296	2218	3
冊	1858	4	部件	1452	992	5
伏	1859	4	部件	1615	2260	6
旬	1860	4	部件	2363	2903	6
巫	1861	4	部件	2615	1625	7
欣	1862	4	部件	1032	1132	8
延	1863	4	部件	1171	1329	8
屈	1864	4	部件	1730	1688	8
昆	1865	4	部件	1663	2034	8
奈	1866	4	部件	1926	2056	8
析	1867	4	部件	1169	2211	8
函	1868	4	部件	2289	2759	8
宣	1869	4	部件	1008	759	9
甚	1870	4	部件	648	1411	9
奏	1871	4	部件	961	1678	9
畏	1872	4	部件	2263	2560	9
席	1873	4	部件	921	776	10
畜	1874	4	部件	2211	1394	10
桑	1875	4	部件	2111	2401	10
執	1876	4	部件	1117	757	11
規	1877	4	部件	562	972	11
逢	1878	4	部件	1846	2481	11
復	1879	4	部件	781	462	12
須	1880	4	部件	604	1144	12
奠	1881	4	部件	2800	1914	12
虛	1882	4	部件	1261	2041	12
鼠	1883	4	部件	1497	914	13
禁	1884	4	部件	1025	1064	13
廉	1885	4	部件	1742	1344	13
肅	1886	4	部件	1888	1566	13
奧	1887	4	部件	1155	2235	13
署	1888	4	部件	1374	2727	13
寧	1889	4	部件	1100	1289	14
閣	1890	4	部件	1920	2095	14
壽	1891	4	部件	1681	2119	14
暴	1892	4	部件	1059	385	15
賞	1893	4	部件	912	653	15
諸	1894	4	部件	1311	1345	15
鄭	1895	4	部件	1438	1400	15
慮	1896	4	部件	1164	2053	15
嬰	1897	4	部件	1879	1540	17
隱	1898	4	部件	1256	1944	17
爵	1899	4	部件	2252	2337	17
顛	1900	4	部件	2428	1686	19
屬	1901	4	部件	666	797	21
覽	1902	4	部件	1250	1226	21
丹	1903	4	單字	1408	1168	4
仇	1904	4	單字	2079	1476	4
扎	1905	4	單字	1785	2405	4
勾	1906	4	單字	2224	/	4
犯	1907	4	單字	989	1443	5
刊	1908	4	單字	1312	1976	5
囚	1909	4	單字	2676	2429	5
叩	1910	4	單字	2595	/	5
仰	1911	4	單字	1515	1355	6
企	1912	4	單字	1006	1696	6
朽	1913	4	單字	2493	1982	6
曳	1914	4	單字	2905	2018	6
妄	1915	4	單字	2690	2158	6
乒	1916	4	單字	3171	2227	6
宇	1917	4	單字	1301	2381	6
仲	1918	4	單字	2176	2770	6
乓	1919	4	單字	3209	2809	6
弛	1920	4	單字	3457	2897	6
克	1921	4	單字	396	1007	7
含	1922	4	單字	859	1066	7
宏	1923	4	單字	1614	1377	7
邪	1924	4	單字	2497	1517	7
牡	1925	4	單字	2796	1635	7
估	1926	4	單字	1475	1797	7
吼	1927	4	單字	2613	1837	7
肝	1928	4	單字	2249	1871	7
尿	1929	4	單字	1913	1983	7
汰	1930	4	單字	3221	2105	7
妝	1931	4	單字	2157	2117	7
伶	1932	4	單字	2890	2154	7
扯	1933	4	單字	2024	2186	7
盯	1934	4	單字	2575	2187	7
屁	1935	4	單字	2297	2219	7
扭	1936	4	單字	1995	2310	7
吻	1937	4	單字	2257	2321	7
沐	1938	4	單字	2842	2483	7
岔	1939	4	單字	3408	2656	7
冶	1940	4	單字	2659	2799	7
妒	1941	4	單字	2707	2805	7
阱	1942	4	單字	3303	2861	7
甸	1943	4	單字	2747	2893	7
刷	1944	4	單字	1852	795	8
版	1945	4	單字	943	1095	8
佩	1946	4	單字	1525	1160	8
阻	1947	4	單字	1280	1260	8
佳	1948	4	單字	1035	1326	8
承	1949	4	單字	904	1359	8
迪	1950	4	單字	1594	1419	8
枚	1951	4	單字	1949	1609	8
拘	1952	4	單字	2147	1825	8
拋	1953	4	單字	1938	1856	8
糾	1954	4	單字	2058	1943	8
昂	1955	4	單字	1929	1950	8
拇	1956	4	單字	2996	1963	8
帖	1957	4	單字	3345	1986	8
泣	1958	4	單字	2480	2177	8
旺	1959	4	單字	2087	2276	8
弦	1960	4	單字	2309	2297	8
肪	1961	4	單字	2739	2385	8
怖	1962	4	單字	2183	2408	8
宙	1963	4	單字	1748	2409	8
拌	1964	4	單字	2910	2444	8
沸	1965	4	單字	2397	2504	8
祈	1966	4	單字	2392	2592	8
侍	1967	4	單字	2425	2629	8
疚	1968	4	單字	3111	2686	8
怯	1969	4	單字	2859	2717	8
怡	1970	4	單字	2140	2725	8
泄	1971	4	單字	3101	2768	8
拔	1972	4	單字	1502	/	8
毒	1973	4	單字	1080	236	9
限	1974	4	單字	780	971	9
恨	1975	4	單字	1528	1032	9
持	1976	4	單字	375	1077	9
係	1977	4	單字	536	1253	9
迫	1978	4	單字	1406	1288	9
促	1979	4	單字	1161	1390	9
屍	1980	4	單字	2230	1551	9
砂	1981	4	單字	2278	1737	9
哀	1982	4	單字	1751	1769	9
幽	1983	4	單字	1567	1791	9
俠	1984	4	單字	2333	1812	9
屏	1985	4	單字	2026	1824	9
盼	1986	4	單字	1829	1832	9
俊	1987	4	單字	1706	2004	9
俐	1988	4	單字	3232	2046	9
盈	1989	4	單字	1608	2084	9
柄	1990	4	單字	2586	2188	9
茂	1991	4	單字	2041	2272	9
拱	1992	4	單字	2632	2311	9
郁	1993	4	單字	2460	2343	9
苔	1994	4	單字	3246	2389	9
虐	1995	4	單字	2625	2418	9
咽	1996	4	單字	2558	2422	9
勃	1997	4	單字	1873	2460	9
珊	1998	4	單字	2264	2486	9
恍	1999	4	單字	2767	2718	9
剎	2000	4	單字	2395	2827	9
奕	2001	4	單字	2627	2910	9
茸	2002	4	單字	3179	/	9
酒	2003	4	單字	789	221	10
翁	2004	4	單字	1940	1074	10
素	2005	4	單字	639	1081	10
泰	2006	4	單字	1572	1233	10
核	2007	4	單字	931	1271	10
納	2008	4	單字	908	1352	10
徐	2009	4	單字	1376	1426	10
悟	2010	4	單字	1538	1593	10
娛	2011	4	單字	2013	1599	10
拳	2012	4	單字	2186	1612	10
純	2013	4	單字	1296	1713	10
耘	2014	4	單字	2562	1745	10
倍	2015	4	單字	972	1815	10
捐	2016	4	單字	1776	1830	10
託	2017	4	單字	1545	1831	10
紡	2018	4	單字	2139	1911	10
徑	2019	4	單字	1193	1923	10
屑	2020	4	單字	2550	1953	10
畔	2021	4	單字	2551	2016	10
峻	2022	4	單字	2518	2054	10
挫	2023	4	單字	2167	2062	10
圃	2024	4	單字	3053	2122	10
剖	2025	4	單字	2486	2124	10
涉	2026	4	單字	1530	2141	10
哲	2027	4	單字	1387	2201	10
耗	2028	4	單字	2005	2284	10
症	2029	4	單字	1707	2285	10
矩	2030	4	單字	2536	2288	10
脂	2031	4	單字	1996	2301	10
倡	2032	4	單字	2165	2308	10
逞	2033	4	單字	3476	2338	10
浩	2034	4	單字	1859	2342	10
狹	2035	4	單字	2197	2348	10
哺	2036	4	單字	2552	2365	10
衰	2037	4	單字	1921	2414	10
栽	2038	4	單字	2071	2540	10
挽	2039	4	單字	2261	2586	10
倦	2040	4	單字	2239	2618	10
脅	2041	4	單字	2133	2623	10
陡	2042	4	單字	2968	2644	10
峭	2043	4	單字	2808	2709	10
挾	2044	4	單字	2717	/	10
殺	2045	4	單字	874	276	11
啟	2046	4	單字	996	1086	11
液	2047	4	單字	1325	1121	11
副	2048	4	單字	883	1156	11
陶	2049	4	單字	1485	1328	11
逐	2050	4	單字	934	1371	11
爽	2051	4	單字	2023	1447	11
桶	2052	4	單字	1997	1493	11
聊	2053	4	單字	1585	1532	11
授	2054	4	單字	1253	1589	11
斜	2055	4	單字	1568	1592	11
娶	2056	4	單字	2726	1705	11
啞	2057	4	單字	2543	1760	11
捲	2058	4	單字	1639	1802	11
販	2059	4	單字	1869	1886	11
晝	2060	4	單字	3008	1955	11
唯	2061	4	單字	1295	1964	11
毫	2062	4	單字	1188	1973	11
蛇	2063	4	單字	1960	1977	11
梭	2064	4	單字	2496	1978	11
掏	2065	4	單字	2568	2060	11
烹	2066	4	單字	2618	2113	11
帳	2067	4	單字	1668	2160	11
逍	2068	4	單字	3191	2181	11
偽	2069	4	單字	1967	2206	11
甥	2070	4	單字	/	2209	11
凰	2071	4	單字	3052	2222	11
瓷	2072	4	單字	1956	2248	11
掀	2073	4	單字	2500	2250	11
惋	2074	4	單字	3275	2252	11
偏	2075	4	單字	1204	2264	11
巢	2076	4	單字	2391	2267	11
淒	2077	4	單字	2569	2345	11
悠	2078	4	單字	1661	2371	11
痕	2079	4	單字	1925	2383	11
掩	2080	4	單字	1959	2478	11
捧	2081	4	單字	2006	2543	11
窒	2082	4	單字	3429	2609	11
崎	2083	4	單字	2833	2645	11
聆	2084	4	單字	2650	2906	11
涵	2085	4	單字	1820	/	11
粘	2086	4	單字	3180	/	11
絕	2087	4	單字	637	32	12
評	2088	4	單字	840	538	12
博	2089	4	單字	942	589	12
超	2090	4	單字	777	812	12
測	2091	4	單字	825	880	12
創	2092	4	單字	574	886	12
筒	2093	4	單字	1851	1136	12
菌	2094	4	單字	1840	1177	12
稅	2095	4	單字	1338	1361	12
策	2096	4	單字	851	1362	12
殖	2097	4	單字	1462	1407	12
裁	2098	4	單字	1431	1416	12
堤	2099	4	單字	2240	1424	12
棄	2100	4	單字	1266	1562	12
廊	2101	4	單字	1950	1650	12
喉	2102	4	單字	2174	1662	12
趁	2103	4	單字	2066	1673	12
愉	2104	4	單字	1676	1714	12
鈔	2105	4	單字	2463	1854	12
堡	2106	4	單字	1470	1878	12
脾	2107	4	單字	2370	1913	12
喚	2108	4	單字	1922	2000	12
欽	2109	4	單字	2388	2028	12
萎	2110	4	單字	2645	2052	12
絨	2111	4	單字	2539	2134	12
絡	2112	4	單字	1357	2153	12
猩	2113	4	單字	2829	2157	12
筍	2114	4	單字	2916	2166	12
軸	2115	4	單字	2348	2168	12
湊	2116	4	單字	2322	2169	12
啼	2117	4	單字	2580	2223	12
腕	2118	4	單字	2686	2233	12
傢	2119	4	單字	2253	2316	12
註	2120	4	單字	1611	2328	12
脹	2121	4	單字	1904	2341	12
鈕	2122	4	單字	2662	2382	12
棕	2123	4	單字	2831	2436	12
絮	2124	4	單字	2701	2445	12
堵	2125	4	單字	2542	2454	12
媚	2126	4	單字	2381	2459	12
跛	2127	4	單字	3452	2493	12
渾	2128	4	單字	1985	2496	12
喧	2129	4	單字	2509	2520	12
鈍	2130	4	單字	2944	2595	12
渦	2131	4	單字	2900	2614	12
揀	2132	4	單字	2937	2617	12
詠	2133	4	單字	2673	2756	12
嵌	2134	4	單字	2869	2914	12
廂	2135	4	單字	2555	/	12
揣	2136	4	單字	2848	/	12
溉	2137	4	單字	2666	/	12
聖	2138	4	單字	1176	590	13
僅	2139	4	單字	814	815	13
煩	2140	4	單字	1282	958	13
肆	2141	4	單字	2406	1342	13
酬	2142	4	單字	2112	1545	13
罪	2143	4	單字	1081	1614	13
禍	2144	4	單字	1970	1749	13
椰	2145	4	單字	2718	1786	13
逼	2146	4	單字	1976	1948	13
羨	2147	4	單字	2475	1972	13
歇	2148	4	單字	2398	2023	13
債	2149	4	單字	1882	2077	13
隙	2150	4	單字	2521	2081	13
睜	2151	4	單字	2181	2088	13
殿	2152	4	單字	2145	2109	13
窟	2153	4	單字	2904	2125	13
罩	2154	4	單字	2209	2174	13
猿	2155	4	單字	3047	2182	13
暈	2156	4	單字	2445	2207	13
嗓	2157	4	單字	2932	2226	13
嫌	2158	4	單字	1809	2243	13
馴	2159	4	單字	3038	2259	13
腥	2160	4	單字	2951	2282	13
塘	2161	4	單字	2272	2315	13
腹	2162	4	單字	1794	2370	13
煉	2163	4	單字	2040	2376	13
傲	2164	4	單字	1817	2378	13
碌	2165	4	單字	2274	2392	13
嗜	2166	4	單字	3100	2413	13
傾	2167	4	單字	1334	2419	13
塑	2168	4	單字	1358	2437	13
愧	2169	4	單字	2342	2450	13
塌	2170	4	單字	2526	2492	13
瑚	2171	4	單字	3102	2507	13
靴	2172	4	單字	3467	2577	13
詢	2173	4	單字	1364	2707	13
葫	2174	4	單字	2741	2807	13
蔥	2175	4	單字	/	2817	13
嫉	2176	4	單字	3078	/	13
劃	2177	4	單字	834	50	14
漢	2178	4	單字	957	263	14
漆	2179	4	單字	1942	424	14
蒸	2180	4	單字	1734	1002	14
嘉	2181	4	單字	1446	1207	14
鳳	2182	4	單字	1692	1346	14
複	2183	4	單字	1009	1354	14
遞	2184	4	單字	1749	1487	14
僕	2185	4	單字	2612	1687	14
魂	2186	4	單字	1791	1738	14
榜	2187	4	單字	1954	1743	14
誓	2188	4	單字	2346	1808	14
餃	2189	4	單字	3333	1852	14
寡	2190	4	單字	2488	1858	14
歉	2191	4	單字	2107	2050	14
暢	2192	4	單字	1673	2104	14
碟	2193	4	單字	2345	2114	14
夥	2194	4	單字	1762	2164	14
獄	2195	4	單字	1806	2175	14
誦	2196	4	單字	2503	2180	14
綢	2197	4	單字	3029	2193	14
蝕	2198	4	單字	1999	2281	14
鳴	2199	4	單字	1699	2293	14
障	2200	4	單字	1215	2305	14
緒	2201	4	單字	1690	2331	14
骯	2202	4	單字	3394	2363	14
蓄	2203	4	單字	1946	2373	14
綿	2204	4	單字	1774	2411	14
綴	2205	4	單字	2678	2428	14
嶇	2206	4	單字	3431	2524	14
墅	2207	4	單字	2855	2538	14
慚	2208	4	單字	2981	2557	14
蓆	2209	4	單字	3027	2584	14
摟	2210	4	單字	3085	2602	14
綱	2211	4	單字	1738	2620	14
漲	2212	4	單字	1724	2626	14
熏	2213	4	單字	/	2653	14
屢	2214	4	單字	2729	2674	14
寞	2215	4	單字	2116	2694	14
遜	2216	4	單字	2093	2730	14
摧	2217	4	單字	2826	2872	14
榕	2218	4	單字	2218	/	14
熒	2219	4	單字	3178	/	14
德	2220	4	單字	535	398	15
彈	2221	4	單字	829	505	15
餘	2222	4	單字	771	625	15
暫	2223	4	單字	1473	855	15
質	2224	4	單字	423	907	15
調	2225	4	單字	378	964	15
賭	2226	4	單字	2113	1056	15
廢	2227	4	單字	1388	1115	15
儀	2228	4	單字	1170	1154	15
蔗	2229	4	單字	2804	1307	15
黎	2230	4	單字	1463	1367	15
澈	2231	4	單字	2814	1414	15
摩	2232	4	單字	1226	1418	15
魯	2233	4	單字	1229	1425	15
劍	2234	4	單字	1549	1525	15
醉	2235	4	單字	1659	1537	15
嬌	2236	4	單字	2291	1586	15
颳	2237	4	單字	3075	1624	15
賢	2238	4	單字	1741	1693	15
撥	2239	4	單字	1404	1754	15
慰	2240	4	單字	1603	1763	15
嘲	2241	4	單字	2498	1819	15
遮	2242	4	單字	2146	1821	15
鋤	2243	4	單字	3073	1928	15
稿	2244	4	單字	1605	1937	15
潛	2245	4	單字	1411	1958	15
趟	2246	4	單字	2351	2048	15
踐	2247	4	單字	1827	2080	15
豎	2248	4	單字	2331	2086	15
慕	2249	4	單字	1731	2107	15
漿	2250	4	單字	2056	2185	15
緣	2251	4	單字	1214	2190	15
潤	2252	4	單字	1566	2203	15
霉	2253	4	單字	2986	2212	15
緩	2254	4	單字	1243	2224	15
瞇	2255	4	單字	2917	2241	15
憤	2256	4	單字	1877	2257	15
澄	2257	4	單字	2225	2266	15
撒	2258	4	單字	1705	2317	15
蔚	2259	4	單字	2856	2326	15
糊	2260	4	單字	1685	2357	15
銳	2261	4	單字	1971	2384	15
駛	2262	4	單字	1552	2407	15
誕	2263	4	單字	1429	2415	15
澗	2264	4	單字	3230	2421	15
毅	2265	4	單字	2095	2424	15
稽	2266	4	單字	2598	2468	15
熬	2267	4	單字	2582	2475	15
蔭	2268	4	單字	2424	2480	15
嬉	2269	4	單字	2843	2488	15
磅	2270	4	單字	2824	2491	15
毆	2271	4	單字	3266	2563	15
鞍	2272	4	單字	3181	2567	15
敷	2273	4	單字	2761	2569	15
槳	2274	4	單字	2940	2589	15
螂	2275	4	單字	2770	2600	15
槽	2276	4	單字	2675	2657	15
蓬	2277	4	單字	2148	2662	15
鞏	2278	4	單字	3257	2690	15
磋	2279	4	單字	2788	2721	15
徹	2280	4	單字	1461	/	15
墟	2281	4	單字	3314	/	15
謀	2282	4	單字	1584	56	16
獨	2283	4	單字	616	92	16
戰	2284	4	單字	419	131	16
諾	2285	4	單字	1362	766	16
輸	2286	4	單字	1101	1058	16
曉	2287	4	單字	1356	1190	16
澳	2288	4	單字	1327	1199	16
據	2289	4	單字	450	1375	16
遼	2290	4	單字	2474	1392	16
憑	2291	4	單字	1454	1494	16
儘	2292	4	單字	1291	1640	16
橘	2293	4	單字	2640	1667	16
憶	2294	4	單字	1223	1757	16
謂	2295	4	單字	1244	1962	16
鋸	2296	4	單字	2825	2094	16
劑	2297	4	單字	1638	2151	16
蕊	2298	4	單字	3190	2205	16
骼	2299	4	單字	2942	2261	16
穎	2300	4	單字	2248	2352	16
衡	2301	4	單字	1290	2355	16
懊	2302	4	單字	3132	2367	16
蕪	2303	4	單字	3427	2387	16
輯	2304	4	單字	1787	2388	16
蹄	2305	4	單字	3031	2449	16
濁	2306	4	單字	2778	2451	16
凝	2307	4	單字	1586	2482	16
霍	2308	4	單字	2603	2508	16
鮑	2309	4	單字	2596	2651	16
擅	2310	4	單字	2410	2672	16
衛	2311	4	單字	/	2837	16
諮	2312	4	單字	3448	/	16
營	2313	4	單字	653	826	17
避	2314	4	單字	1013	1131	17
濟	2315	4	單字	542	1200	17
儲	2316	4	單字	1547	1264	17
濱	2317	4	單字	2238	1356	17
餵	2318	4	單字	2481	1504	17
虧	2319	4	單字	1807	1660	17
瞪	2320	4	單字	2254	1748	17
邀	2321	4	單字	1302	1994	17
燭	2322	4	單字	2090	2006	17
蕾	2323	4	單字	2620	2101	17
償	2324	4	單字	2078	2102	17
縫	2325	4	單字	1717	2159	17
糙	2326	4	單字	3054	2171	17
闊	2327	4	單字	1405	2196	17
薯	2328	4	單字	2671	2234	17
懇	2329	4	單字	2533	2249	17
繃	2330	4	單字	3150	2299	17
聳	2331	4	單字	2303	2340	17
燥	2332	4	單字	2404	2354	17
薄	2333	4	單字	1373	2406	17
糟	2334	4	單字	2075	2420	17
謙	2335	4	單字	2223	2446	17
濛	2336	4	單字	3202	2495	17
鍾	2337	4	單字	1975	2500	17
鍵	2338	4	單字	1573	2530	17
薑	2339	4	單字	3093	2559	17
癌	2340	4	單字	1989	2615	17
矯	2341	4	單字	3121	2714	17
趨	2342	4	單字	1927	2831	17
篷	2343	4	單字	2765	/	17
蟑	2344	4	單字	3240	/	17
蟲	2345	4	單字	1222	269	18
獵	2346	4	單字	2014	441	18
鎮	2347	4	單字	1052	649	18
職	2348	4	單字	761	1155	18
鬆	2349	4	單字	1125	1172	18
櫃	2350	4	單字	1634	1941	18
闖	2351	4	單字	2109	2145	18
軀	2352	4	單字	2412	2287	18
鵑	2353	4	單字	2941	2327	18
瀑	2354	4	單字	2687	2438	18
擲	2355	4	單字	2559	2501	18
蟬	2356	4	單字	2888	2621	18
禱	2357	4	單字	2593	2627	18
穢	2358	4	單字	3447	2829	18
簿	2359	4	單字	2279	510	19
證	2360	4	單字	693	720	19
爆	2361	4	單字	1352	1048	19
繪	2362	4	單字	1403	1262	19
鬍	2363	4	單字	1986	1717	19
譏	2364	4	單字	3172	1842	19
穩	2365	4	單字	1151	2192	19
繡	2366	4	單字	2132	2216	19
簾	2367	4	單字	2456	2229	19
臘	2368	4	單字	2212	2280	19
鏈	2369	4	單字	2883	2290	19
龐	2370	4	單字	1939	2412	19
簷	2371	4	單字	3067	2594	19
羹	2372	4	單字	3434	/	19
勸	2373	4	單字	1767	659	20
嚴	2374	4	單字	672	1041	20
釋	2375	4	單字	987	1213	20
齡	2376	4	單字	1393	1534	20
鹹	2377	4	單字	2830	1730	20
癢	2378	4	單字	2817	2055	20
饒	2379	4	單字	2565	2165	20
籍	2380	4	單字	1349	2279	20
辮	2381	4	單字	3486	2291	20
馨	2382	4	單字	2283	2292	20
藻	2383	4	單字	2672	2443	20
嚷	2384	4	單字	2597	2456	20
藹	2385	4	單字	3189	2534	20
躁	2386	4	單字	2490	2747	20
繽	2387	4	單字	2922	/	20
蘆	2388	4	單字	2086	/	20
饑	2389	4	單字	3115	/	20
櫻	2390	4	單字	2684	1608	21
灌	2391	4	單字	1744	1716	21
譽	2392	4	單字	1613	1764	21
攝	2393	4	單字	1143	1893	21
闢	2394	4	單字	2232	1969	21
欄	2395	4	單字	1440	2176	21
鶯	2396	4	單字	2931	2191	21
蠟	2397	4	單字	2440	2332	21
懼	2398	4	單字	2178	2427	21
驅	2399	4	單字	1981	2591	21
巔	2400	4	單字	3235	2681	21
臟	2401	4	單字	1655	1102	22
髒	2402	4	單字	2149	1236	22
驕	2403	4	單字	2035	1790	22
攤	2404	4	單字	2080	1883	22
灑	2405	4	單字	1955	2099	22
疊	2406	4	單字	1772	2210	22
髓	2407	4	單字	2774	2646	22
顯	2408	4	單字	573	434	23
攪	2409	4	單字	2605	2021	23
鱗	2410	4	單字	2967	2265	23
靈	2411	4	單字	868	1003	24
鹽	2412	4	單字	1848	1057	24
矗	2413	4	單字	3322	2923	24
鑼	2414	4	單字	2444	2179	27
伐	2415	5	部件	1745	2372	6
禿	2416	5	部件	2652	1467	7
卸	2417	5	部件	2434	2784	8
肴	2418	5	部件	/	/	8
貞	2419	5	部件	2330	2581	9
豈	2420	5	部件	2124	2511	10
庸	2421	5	部件	2334	2590	11
欲	2422	5	部件	1492	2711	11
徵	2423	5	部件	1671	1093	15
遷	2424	5	部件	1484	1183	15
賤	2425	5	部件	2730	1932	15
蕭	2426	5	部件	1623	2758	17
霸	2427	5	部件	2034	1559	21
幻	2428	5	單字	1447	1520	4
丐	2429	5	單字	3359	2197	4
允	2430	5	單字	2048	2633	4
凹	2431	5	單字	2811	1507	5
凸	2432	5	單字	2288	1835	5
孕	2433	5	單字	2019	2200	5
宅	2434	5	單字	1828	1480	6
扣	2435	5	單字	1648	1498	6
污	2436	5	單字	1527	2079	6
劣	2437	5	單字	1923	2213	6
旭	2438	5	單字	3216	2678	6
屹	2439	5	單字	3176	/	6
役	2440	5	單字	1824	1358	7
伺	2441	5	單字	3088	1879	7
沃	2442	5	單字	2721	1905	7
劫	2443	5	單字	2171	1980	7
吟	2444	5	單字	2198	2059	7
妨	2445	5	單字	1944	2076	7
罕	2446	5	單字	2401	2078	7
址	2447	5	單字	1652	2220	7
忌	2448	5	單字	2010	2466	7
灼	2449	5	單字	2791	2574	7
庇	2450	5	單字	3164	2579	7
彷	2451	5	單字	2030	2639	7
吠	2452	5	單字	3287	2676	7
坊	2453	5	單字	2231	2679	7
沛	2454	5	單字	2734	2752	7
刨	2455	5	單字	3261	/	7
肺	2456	5	單字	1907	1413	8
押	2457	5	單字	2036	1636	8
氛	2458	5	單字	1771	1758	8
枕	2459	5	單字	2308	1860	8
屆	2460	5	單字	1139	1900	8
拆	2461	5	單字	1966	1984	8
肢	2462	5	單字	2260	2085	8
拓	2463	5	單字	1842	2163	8
券	2464	5	單字	1909	2302	8
拒	2465	5	單字	1719	2329	8
咒	2466	5	單字	2794	2353	8
刮	2467	5	單字	2350	2380	8
彼	2468	5	單字	1399	2431	8
咖	2469	5	單字	2228	2539	8
泛	2470	5	單字	1517	2583	8
拙	2471	5	單字	2799	2606	8
弧	2472	5	單字	2755	2634	8
陀	2473	5	單字	2725	2715	8
彿	2474	5	單字	1688	2764	8
呻	2475	5	單字	3159	2806	8
拂	2476	5	單字	2727	2825	8
秉	2477	5	單字	2617	2826	8
侈	2478	5	單字	3098	2907	8
咀	2479	5	單字	2753	2922	8
冽	2480	5	單字	3343	/	8
律	2481	5	單字	805	142	9
侵	2482	5	單字	1380	1319	9
軌	2483	5	單字	1862	1380	9
赴	2484	5	單字	1894	1869	9
胎	2485	5	單字	1931	1922	9
茄	2486	5	單字	2295	2146	9
垮	2487	5	單字	2790	2167	9
契	2488	5	單字	2169	2172	9
侮	2489	5	單字	2820	2379	9
侶	2490	5	單字	2532	2447	9
徊	2491	5	單字	2984	2469	9
垢	2492	5	單字	3084	2513	9
姻	2493	5	單字	1903	2515	9
陋	2494	5	單字	2738	2541	9
俏	2495	5	單字	2971	2544	9
疫	2496	5	單字	2120	2545	9
拯	2497	5	單字	2792	2568	9
姦	2498	5	單字	3131	2582	9
洶	2499	5	單字	2712	2610	9
疤	2500	5	單字	3500	2650	9
怠	2501	5	單字	2954	2685	9
冠	2502	5	單字	1275	2699	9
衍	2503	5	單字	2390	2734	9
咳	2504	5	單字	2426	2791	9
砌	2505	5	單字	2713	2828	9
恤	2506	5	單字	3055	2891	9
恬	2507	5	單字	3410	2921	9
拭	2508	5	單字	2862	/	9
檯	2509	5	單字	/	/	9
宰	2510	5	單字	2714	1179	10
倫	2511	5	單字	1003	1320	10
紐	2512	5	單字	1808	1331	10
凋	2513	5	單字	3042	1472	10
茫	2514	5	單字	1812	1485	10
晉	2515	5	單字	2094	1519	10
晃	2516	5	單字	1941	1801	10
涕	2517	5	單字	3351	1894	10
恥	2518	5	單字	2214	1895	10
框	2519	5	單字	2151	2017	10
埃	2520	5	單字	1757	2058	10
冤	2521	5	單字	2608	2130	10
俯	2522	5	單字	2384	2253	10
狽	2523	5	單字	3739	2275	10
袍	2524	5	單字	2696	2312	10
辱	2525	5	單字	2182	2336	10
恕	2526	5	單字	2639	2364	10
耽	2527	5	單字	2966	2426	10
捆	2528	5	單字	3252	2555	10
耿	2529	5	單字	2750	2556	10
荊	2530	5	單字	2462	2580	10
祟	2531	5	單字	3348	2655	10
倘	2532	5	單字	2473	2691	10
眩	2533	5	單字	3099	2772	10
殷	2534	5	單字	2364	2776	10
倚	2535	5	單字	2649	2787	10
凌	2536	5	單字	1897	/	10
域	2537	5	單字	1107	1246	11
桿	2538	5	單字	2125	1399	11
逛	2539	5	單字	2117	1496	11
售	2540	5	單字	1217	1533	11
混	2541	5	單字	1206	1904	11
捷	2542	5	單字	1844	1940	11
覓	2543	5	單字	2336	1988	11
戚	2544	5	單字	2344	2121	11
眶	2545	5	單字	2763	2149	11
偵	2546	5	單字	1994	2194	11
屠	2547	5	單字	2599	2214	11
崖	2548	5	單字	2277	2228	11
兜	2549	5	單字	2731	2294	11
紳	2550	5	單字	3137	2313	11
豚	2551	5	單字	2695	2351	11
逝	2552	5	單字	1924	2390	11
偎	2553	5	單字	3244	2440	11
徘	2554	5	單字	3041	2463	11
掘	2555	5	單字	2143	2476	11
袱	2556	5	單字	2815	2494	11
梢	2557	5	單字	2886	2517	11
訝	2558	5	單字	2360	2527	11
淫	2559	5	單字	2930	2536	11
絆	2560	5	單字	3254	2573	11
冕	2561	5	單字	3211	2608	11
屜	2562	5	單字	3267	2637	11
趾	2563	5	單字	3497	2638	11
淵	2564	5	單字	2502	2652	11
惕	2565	5	單字	2889	2668	11
莽	2566	5	單字	3175	2677	11
掙	2567	5	單字	2127	2722	11
悽	2568	5	單字	3015	2723	11
措	2569	5	單字	1426	2731	11
眺	2570	5	單字	2853	2742	11
啡	2571	5	單字	2241	2746	11
掠	2572	5	單字	2469	2753	11
悼	2573	5	單字	3188	2755	11
徙	2574	5	單字	3113	2781	11
奢	2575	5	單字	2548	2790	11
婉	2576	5	單字	2413	2821	11
匿	2577	5	單字	3039	2851	11
淤	2578	5	單字	3269	2879	11
淆	2579	5	單字	3133	/	11
痊	2580	5	單字	3745	/	11
殘	2581	5	單字	1350	1308	12
款	2582	5	單字	949	1360	12
援	2583	5	單字	1513	1381	12
敦	2584	5	單字	1539	1405	12
菊	2585	5	單字	2393	1617	12
廁	2586	5	單字	2307	1727	12
喪	2587	5	單字	1697	1987	12
揉	2588	5	單字	2802	2003	12
棗	2589	5	單字	2846	2010	12
渺	2590	5	單字	2896	2026	12
棍	2591	5	單字	2547	2063	12
棟	2592	5	單字	2409	2286	12
惑	2593	5	單字	1901	2304	12
稍	2594	5	單字	1516	2314	12
焚	2595	5	單字	2698	2320	12
筏	2596	5	單字	3341	2430	12
逮	2597	5	單字	2585	2464	12
萍	2598	5	單字	2648	2473	12
貿	2599	5	單字	1716	2514	12
慨	2600	5	單字	2108	2554	12
凱	2601	5	單字	1961	2622	12
粥	2602	5	單字	3319	2631	12
菲	2603	5	單字	1620	2670	12
猶	2604	5	單字	1641	2688	12
晰	2605	5	單字	2419	2706	12
循	2606	5	單字	1560	2740	12
貸	2607	5	單字	1990	2748	12
湃	2608	5	單字	3587	2860	12
絢	2609	5	單字	3390	2918	12
琢	2610	5	單字	2974	/	12
腔	2611	5	單字	1878	/	12
腸	2612	5	單字	1702	943	13
概	2613	5	單字	980	1194	13
損	2614	5	單字	1145	1247	13
督	2615	5	單字	1293	1270	13
塗	2616	5	單字	1687	1664	13
頌	2617	5	單字	2361	1946	13
馳	2618	5	單字	2175	2019	13
盟	2619	5	單字	1630	2036	13
睦	2620	5	單字	3086	2091	13
聘	2621	5	單字	2049	2092	13
搗	2622	5	單字	3108	2120	13
腫	2623	5	單字	2468	2139	13
瑟	2624	5	單字	2405	2155	13
溢	2625	5	單字	2338	2173	13
碑	2626	5	單字	2076	2246	13
暉	2627	5	單字	2978	2254	13
痰	2628	5	單字	2902	2377	13
鼎	2629	5	單字	2203	2439	13
慎	2630	5	單字	1918	2472	13
禽	2631	5	單字	2485	2485	13
傭	2632	5	單字	2545	2503	13
艇	2633	5	單字	2328	2519	13
詭	2634	5	單字	3070	2521	13
煌	2635	5	單字	2386	2572	13
煥	2636	5	單字	2454	2605	13
葛	2637	5	單字	2106	2619	13
煞	2638	5	單字	2544	2632	13
搏	2639	5	單字	2371	2643	13
葵	2640	5	單字	2995	2654	13
募	2641	5	單字	2554	2659	13
裸	2642	5	單字	2614	2660	13
嗅	2643	5	單字	2816	2671	13
匯	2644	5	單字	1392	2751	13
滄	2645	5	單字	2912	2766	13
粵	2646	5	單字	3371	2833	13
閘	2647	5	單字	3002	2888	13
睹	2648	5	單字	2451	/	13
裔	2649	5	單字	2805	/	13
賄	2650	5	單字	3004	/	13
賂	2651	5	單字	3472	/	13
罰	2652	5	單字	1643	1145	14
輔	2653	5	單字	1548	1333	14
僑	2654	5	單字	2299	1396	14
構	2655	5	單字	630	1397	14
誤	2656	5	單字	1068	1451	14
漠	2657	5	單字	1684	1538	14
寢	2658	5	單字	2973	1558	14
綜	2659	5	單字	1621	1739	14
熄	2660	5	單字	2679	1820	14
瞄	2661	5	單字	2779	1892	14
鄙	2662	5	單字	3044	2045	14
蒜	2663	5	單字	3050	2064	14
誌	2664	5	單字	2150	2071	14
豪	2665	5	單字	1449	2230	14
僱	2666	5	單字	2655	2319	14
弊	2667	5	單字	2306	2323	14
遣	2668	5	單字	2311	2335	14
辣	2669	5	單字	2122	2350	14
雌	2670	5	單字	2758	2433	14
摺	2671	5	單字	2870	2442	14
綽	2672	5	單字	3144	2453	14
慷	2673	5	單字	2988	2523	14
碩	2674	5	單字	2210	2528	14
滲	2675	5	單字	2205	2630	14
裹	2676	5	單字	2453	2687	14
嗽	2677	5	單字	3147	2812	14
漬	2678	5	單字	3377	2877	14
漓	2679	5	單字	2925	2904	14
綻	2680	5	單字	2646	/	14
價	2681	5	單字	512	636	15
歐	2682	5	單字	837	1143	15
墜	2683	5	單字	2433	1479	15
賜	2684	5	單字	2442	1549	15
撕	2685	5	單字	2535	1829	15
醋	2686	5	單字	3096	1840	15
撐	2687	5	單字	1935	1924	15
撫	2688	5	單字	1948	2035	15
凜	2689	5	單字	2744	2093	15
瞌	2690	5	單字	3439	2096	15
澎	2691	5	單字	2812	2133	15
撮	2692	5	單字	3072	2322	15
駝	2693	5	單字	2733	2358	15
褪	2694	5	單字	3140	2366	15
樑	2695	5	單字	3049	2461	15
潰	2696	5	單字	2549	2477	15
緻	2697	5	單字	1759	2497	15
緞	2698	5	單字	3260	2499	15
魄	2699	5	單字	2507	2552	15
撤	2700	5	單字	2229	2562	15
憫	2701	5	單字	3425	2575	15
賬	2702	5	單字	2977	2598	15
慾	2703	5	單字	2179	2604	15
僻	2704	5	單字	2895	2611	15
瑩	2705	5	單字	2537	2625	15
膜	2706	5	單字	1910	2628	15
暮	2707	5	單字	2720	2636	15
緬	2708	5	單字	3238	2680	15
締	2709	5	單字	2955	2693	15
僵	2710	5	單字	2591	2704	15
褒	2711	5	單字	/	2724	15
樁	2712	5	單字	2383	2743	15
醇	2713	5	單字	2754	2769	15
摯	2714	5	單字	2757	2773	15
蔽	2715	5	單字	2875	2853	15
墮	2716	5	單字	2948	2913	15
幢	2717	5	單字	2556	/	15
磊	2718	5	單字	3125	/	15
錶	2719	5	單字	2192	1432	16
篩	2720	5	單字	2897	1952	16
隧	2721	5	單字	2621	1961	16
頰	2722	5	單字	2834	2002	16
擇	2723	5	單字	994	2032	16
艙	2724	5	單字	3114	2298	16
諷	2725	5	單字	2623	2339	16
瞞	2726	5	單字	2849	2346	16
辨	2727	5	單字	1704	2452	16
禦	2728	5	單字	2633	2525	16
樸	2729	5	單字	2059	2526	16
頹	2730	5	單字	3025	2529	16
噪	2731	5	單字	2356	2588	16
膨	2732	5	單字	2204	2596	16
壇	2733	5	單字	1856	2648	16
駱	2734	5	單字	2663	2692	16
懈	2735	5	單字	2604	2701	16
踴	2736	5	單字	3678	2737	16
諧	2737	5	單字	2476	2739	16
澤	2738	5	單字	1310	2762	16
踱	2739	5	單字	3388	2780	16
憾	2740	5	單字	2347	2814	16
撼	2741	5	單字	2857	2863	16
熾	2742	5	單字	3166	2890	16
憩	2743	5	單字	3364	2917	16
獲	2744	5	單字	619	1129	17
謠	2745	5	單字	2515	1787	17
齋	2746	5	單字	3297	1918	17
嚀	2747	5	單字	3068	2070	17
黏	2748	5	單字	2369	2098	17
療	2749	5	單字	1324	2108	17
闆	2750	5	單字	1607	2255	17
瞬	2751	5	單字	2421	2277	17
盪	2752	5	單字	2061	2362	17
螺	2753	5	單字	2158	2571	17
鍛	2754	5	單字	2441	2597	17
徽	2755	5	單字	2793	2664	17
澀	2756	5	單字	2946	2675	17
縱	2757	5	單字	1556	2683	17
濤	2758	5	單字	2101	2712	17
濫	2759	5	單字	2004	2749	17
隸	2760	5	單字	2798	2750	17
擱	2761	5	單字	2610	2763	17
縷	2762	5	單字	2806	2792	17
簇	2763	5	單字	2874	2889	17
輾	2764	5	單字	2953	/	17
覆	2765	5	單字	1331	1181	18
擴	2766	5	單字	1168	1275	18
壘	2767	5	單字	2437	1336	18
瀉	2768	5	單字	2715	2148	18
謹	2769	5	單字	2131	2333	18
蹤	2770	5	單字	1782	2347	18
濾	2771	5	單字	2704	2398	18
朦	2772	5	單字	3105	2535	18
翹	2773	5	單字	2786	2549	18
竅	2774	5	單字	3204	2612	18
鞦	2775	5	單字	3276	2641	18
檬	2776	5	單字	3129	2647	18
檸	2777	5	單字	3134	2684	18
襖	2778	5	單字	3110	2733	18
瀏	2779	5	單字	3033	2915	18
襟	2780	5	單字	2644	/	18
藝	2781	5	單字	486	1105	19
疆	2782	5	單字	2323	1372	19
辭	2783	5	單字	1425	1607	19
譜	2784	5	單字	1957	1697	19
贈	2785	5	單字	2028	1862	19
嚨	2786	5	單字	3149	2126	19
蹲	2787	5	單字	2341	2199	19
攀	2788	5	單字	2033	2262	19
礙	2789	5	單字	1637	2283	19
攏	2790	5	單字	2708	2369	19
爍	2791	5	單字	2927	2537	19
蘊	2792	5	單字	2461	2599	19
矇	2793	5	單字	3036	2616	19
曠	2794	5	單字	2868	2673	19
曝	2795	5	單字	2918	2741	19
壤	2796	5	單字	2031	41	20
艦	2797	5	單字	2455	55	20
議	2798	5	單字	380	1087	20
礦	2799	5	單字	1587	1096	20
譯	2800	5	單字	1689	1363	20
嚼	2801	5	單字	2513	1654	20
贏	2802	5	單字	1945	1919	20
懸	2803	5	單字	1810	2161	20
攔	2804	5	單字	2609	2374	20
騷	2805	5	單字	2372	2565	20
籌	2806	5	單字	1555	2624	20
魔	2807	5	單字	1544	1536	21
轟	2808	5	單字	1919	1818	21
纏	2809	5	單字	1952	2533	21
襯	2810	5	單字	2185	2546	21
蠢	2811	5	單字	2653	2570	21
朧	2812	5	單字	3083	2880	21
權	2813	5	單字	606	832	22
癮	2814	5	單字	2624	2564	22
襲	2815	5	單字	1790	2649	22
囊	2816	5	單字	2245	2797	22
鑄	2817	5	單字	2573	2819	22
竊	2818	5	單字	2357	2587	23
邏	2819	5	單字	2443	2736	23
壩	2820	5	單字	2692	2386	24
釀	2821	5	單字	2823	2578	24
韆	2822	5	單字	3195	2667	24
囑	2823	5	單字	2780	2732	24
籤	2824	5	單字	2177	1870	25
鑲	2825	5	單字	3076	2786	25
矚	2826	5	單字	2685	/	26
厄	2827	6	部件	3026	2850	4
弘	2828	6	單字	2752	2862	5
牟	2829	6	單字	3436	2813	6
刪	2830	6	單字	2771	2705	7
抒	2831	6	單字	2688	2789	7
吶	2832	6	單字	2947	2820	7
迅	2833	6	單字	1735	2842	7
扼	2834	6	單字	3290	2845	7
佐	2835	6	單字	2622	2859	7
抑	2836	6	單字	2000	2875	7
尬	2837	6	單字	3231	2912	7
抉	2838	6	單字	3174	/	7
盲	2839	6	單字	2110	1902	8
枉	2840	6	單字	2751	2097	8
沫	2841	6	單字	2449	2239	8
併	2842	6	單字	1599	2455	8
坤	2843	6	單字	2511	2702	8
歧	2844	6	單字	2389	2840	8
咎	2845	6	單字	3444	2886	8
沮	2846	6	單字	3165	2920	8
述	2847	6	單字	913	1417	9
茁	2848	6	單字	3214	1917	9
昧	2849	6	單字	2634	2561	9
洽	2850	6	單字	2189	2669	9
炫	2851	6	單字	2987	2754	9
苑	2852	6	單字	2865	2856	9
峙	2853	6	單字	3413	2867	9
挪	2854	6	單字	2674	31	10
匪	2855	6	單字	2611	373	10
俱	2856	6	單字	2062	1885	10
荐	2857	6	單字	3308	2040	10
烘	2858	6	單字	2546	2237	10
逆	2859	6	單字	1978	2247	10
栗	2860	6	單字	2563	2509	10
冥	2861	6	單字	2960	2518	10
倖	2862	6	單字	3117	2695	10
衷	2863	6	單字	2202	2720	10
悍	2864	6	單字	3218	2823	10
剔	2865	6	單字	2832	2839	10
虔	2866	6	單字	3020	2841	10
哮	2867	6	單字	3335	2849	10
脊	2868	6	單字	2362	2885	10
哽	2869	6	單字	3441	/	10
培	2870	6	單字	1240	1216	11
勒	2871	6	單字	1578	1975	11
涯	2872	6	單字	2135	2067	11
控	2873	6	單字	1152	2303	11
訣	2874	6	單字	2566	2361	11
紮	2875	6	單字	2188	2713	11
淪	2876	6	單字	2602	2744	11
眷	2877	6	單字	2864	2822	11
翌	2878	6	單字	3355	2874	11
捺	2879	6	單字	3421	2883	11
惚	2880	6	單字	3455	/	11
欺	2881	6	單字	1917	1489	12
焰	2882	6	單字	2841	1683	12
辜	2883	6	單字	2667	2256	12
堪	2884	6	單字	1801	2391	12
裕	2885	6	單字	1876	2558	12
惶	2886	6	單字	2589	2703	12
萌	2887	6	單字	2838	2708	12
勛	2888	6	單字	/	2738	12
唾	2889	6	單字	3255	2779	12
絞	2890	6	單字	3398	2795	12
棘	2891	6	單字	2531	2796	12
逸	2892	6	單字	2359	2816	12
椒	2893	6	單字	2822	2846	12
渠	2894	6	單字	2683	2848	12
愕	2895	6	單字	3139	2892	12
貶	2896	6	單字	2570	2899	12
湛	2897	6	單字	3109	2908	12
渲	2898	6	單字	3215	/	12
韌	2899	6	單字	2878	/	12
填	2900	6	單字	1054	1116	13
違	2901	6	單字	1631	1823	13
搓	2902	6	單字	2785	2663	13
暇	2903	6	單字	2847	2794	13
溯	2904	6	單字	2976	2855	13
甄	2905	6	單字	3001	2881	13
彙	2906	6	單字	2999	2882	13
逾	2907	6	單字	2901	2887	13
稠	2908	6	單字	3328	2902	13
菰	2909	6	單字	/	2924	13
銜	2910	6	單字	2512	2156	14
彰	2911	6	單字	2315	2198	14
酵	2912	6	單字	3210	2208	14
墊	2913	6	單字	2221	2258	14
銘	2914	6	單字	2068	2448	14
誘	2915	6	單字	2138	2505	14
撇	2916	6	單字	2921	2506	14
窪	2917	6	單字	3338	2635	14
嘔	2918	6	單字	2992	2696	14
頗	2919	6	單字	1626	2771	14
瑣	2920	6	單字	3141	2801	14
綺	2921	6	單字	2828	2804	14
熙	2922	6	單字	2907	2815	14
廓	2923	6	單字	3045	2818	14
僥	2924	6	單字	3484	2824	14
粹	2925	6	單字	2789	2834	14
駁	2926	6	單字	2630	2852	14
滯	2927	6	單字	2464	2871	14
竭	2928	6	單字	2439	2884	14
魁	2929	6	單字	2950	2894	14
嘈	2930	6	單字	3419	2895	14
寥	2931	6	單字	3350	2905	14
穀	2932	6	單字	2051	48	15
駐	2933	6	單字	1870	1437	15
緝	2934	6	單字	2938	2271	15
賦	2935	6	單字	2191	2689	15
魅	2936	6	單字	2459	2698	15
撓	2937	6	單字	3035	2767	15
履	2938	6	單字	2587	2838	15
蔓	2939	6	單字	2677	2844	15
瘡	2940	6	單字	3234	2847	15
撰	2941	6	單字	2466	2865	15
樞	2942	6	單字	2936	2878	15
撩	2943	6	單字	3424	2896	15
摹	2944	6	單字	3459	2901	15
遴	2945	6	單字	3228	/	15
墾	2946	6	單字	2703	1704	16
膩	2947	6	單字	2654	2393	16
儒	2948	6	單字	2324	2603	16
窺	2949	6	單字	3003	2785	16
豫	2950	6	單字	2494	2803	16
縛	2951	6	單字	3066	2835	16
諱	2952	6	單字	2795	2873	16
磚	2953	6	單字	2136	2911	16
噩	2954	6	單字	3399	/	16
購	2955	6	單字	1115	1214	17
薪	2956	6	單字	1887	1803	17
礁	2957	6	單字	2979	2189	17
瞭	2958	6	單字	2607	2403	17
檔	2959	6	單字	1850	2423	17
擬	2960	6	單字	1839	2658	17
彌	2961	6	單字	2220	2729	17
擎	2962	6	單字	2759	2802	17
瞰	2963	6	單字	3299	2864	17
尷	2964	6	單字	3313	2916	17
醬	2965	6	單字	2495	673	18
璧	2966	6	單字	2837	1945	18
濺	2967	6	單字	3118	2356	18
藉	2968	6	單字	1581	2465	18
竄	2969	6	單字	2809	2761	18
雛	2970	6	單字	2964	2854	18
謬	2971	6	單字	2866	2898	18
繚	2972	6	單字	3395	/	18
釐	2973	6	單字	2579	/	18
櫥	2974	6	單字	2745	2394	19
鏟	2975	6	單字	2885	2532	19
繭	2976	6	單字	3081	2783	19
懲	2977	6	單字	2446	2870	19
瀕	2978	6	單字	3321	2876	19
觸	2979	6	單字	1094	1088	20
黨	2980	6	單字	734	1261	20
瀟	2981	6	單字	2877	2395	20
齣	2982	6	單字	2522	2810	20
曦	2983	6	單字	3374	2909	20
攘	2984	6	單字	3278	/	20
攜	2985	6	單字	2092	1453	21
囂	2986	6	單字	3082	2726	21
黯	2987	6	單字	2959	2857	21
鬚	2988	6	單字	2276	2593	22
顫	2989	6	單字	2326	2830	22
鑒	2990	6	單字	2993	2869	22
戀	2991	6	單字	1683	2118	23
纖	2992	6	單字	1992	2700	23
驟	2993	6	單字	1987	2843	24
攬	2994	6	單字	2882	2900	24
蠻	2995	6	單字	2266	1685	25
顱	2996	6	單字	2819	2550	25
纜	2997	6	單字	3384	2800	27
鑿	2998	6	單字	2637	2566	28
鬱	2999	6	單字	2207	2510	29
籲	3000	6	單字	2216	2868	32
